0.00081664399075151361464
-0.00095752921426401007376
0.0028300819033891370021
0.016937772357128677876
0.045354403555949640333
0.10214130474138773941
0.2078376269964105428
0.36965187655981183112
0.55831295019765760584
0.70492085655327613282
0.73322722122011145115
0.61435451370962473789
0.40032205123416329585
0.19243156030074359781
0.0566653545684083229
-0.004846688674550216327
-0.00011990598524280382448
-0.00022384474859184396774
0.0025214025594465860313
0.0057187614941222810956
0.01124310244184886515
0.022433520325485879883
0.038992780945072756809
0.053332370437853103149
0.052782805902830668216
0.028641346563736912451
-0.013602402845951859214
-0.052880139237139143743
-0.066323574483996541564
-0.050898712391306635157
-0.028188492108435984055
-0.0049115128902471445716
-0.00037908891866983086143
0.00027036583808960118918
0.00038568237229688728521
0.00048371410717339558971
0.0010203257045088617695
0.0018726567427477943496
0.0022494486853750191086
0.0011826080614724334586
-0.0015211005636292258046
-0.0046097443118749129725
-0.0058517478892876305017
-0.003785388142172184463
0.00039519527721702467164
0.0030779819547317863002
0.0024724941146744732418
0.0049935508682700727096