0.0050496345521858439214
0.017791004618149064175
0.036733714170844309305
0.064595361647567607674
0.10590715370447223503
0.16333058792298799972
0.24014919320384591711
0.33489977814459882636
0.43375435612377205973
0.51191365437907616538
0.54390832832936072464
0.51513384931138637936
0.43049048336377740259
0.31703057892283321039
0.20383888272229501496
0.07547343888284723966
0.0027019788628412895246
0.0046618225492249594808
0.0064353966744272166725
0.0098373090445721121232
0.01408961964333664958
0.019222376738887741277
0.025117845564355262806
0.029046832166039350751
0.027017806453791946504
0.017071620923302060065
0.00079949338803299087074
-0.0172480635831405791
-0.030509300488670981971
-0.033581878893157841514
-0.032426013966686558366
-0.042916200221173118014
0.000081639703094061633639
0.0001897131691000307616
0.00033308659006602926308
0.00051363165854625791044
0.00059007583360429778743
0.00074007800572667920768
0.00072454745697820330433
0.00020286247760566007904
-0.00076854469196266476352
-0.0017660317979175359086
-0.0023443055227222953312
-0.0021823454222558078035
-0.0011117104085864701647
0.00022776552667618997192
-0.00042183382515943111268
-0.0012681812024780246681