-0.00011194795400615298
5.076704213569094e-5
0.00013711520821391154
0.0001723623401472807
0.0001822699915667858
0.00018868188209830716
0.0002064546338212958
0.0002423187605341548
0.0002957113898389707
0.00036110708867054253
0.0004310322819552903
0.0004988669176796412
0.0005607164890455429
0.000616002223093437
0.00066684127206873
0.0007166387059688306
0.0007684901911257924
0.0008239625159236486
0.0008826117852802629
0.0009423020594643283
0.001000106836654635
0.001053402476763221
0.0011007425439208962
0.0011422255303148443
0.0011792783907614846
0.0012139935931334556
0.0012483025356301303
0.0012832989442280729
0.0013189418831109911
0.0013542093264725663
0.0013876029715568228
0.0014177852094645615
0.0014440990072074333
0.0014667847727662942
0.0014868349315579898
0.0015055660492157008
0.001524088083518338
0.0015428768500840295
0.001561604208944134
0.0015792749299369246
0.0015946020827453111
0.0016064681630909572
0.0016142964043587282
0.0016182006206321153
0.0016188723079068046
0.001617264316663647
0.0016142031346025876
0.0016100810437843505
0.0016047407999166818
0.0015975864988280186
0.0015878666297947097
0.0015750123364579593
0.0015588981215280961
0.001539927381113304
0.0015189156776346247
0.0014968224010950548
0.0014744367985696227
0.0014521373592258913
0.0014298110997283953
0.0014069555326285954
0.0013829163766344577
0.001357164963530777
0.0013295085481137559
0.001300156882346526
0.0012696264551018688
0.001238526647532101
0.0012073156722235412
0.0011761226792240675
0.0011447038315328673
0.0011125466307793097
0.001079079515996173
0.0010439046752548364
0.0010069653843658433
0.0009685865066346722
0.0009293765947905319
0.0008900326901100097
0.0008511243069382335
0.0008129383016037828
0.0007754403072319782
0.0007383620379102229
0.000701375319728359
0.0006642817312141336
0.0006271429535488204
0.0005903019775923557
0.0005542888107739063
0.0005196491370592637
0.00048676333316932663
0.00045572566898044453
0.0004263291597096375
0.00039816036516826525
0.00037076658584878075
0.00034383137775084727
0.00031729284262060897
0.00029136268338203486
0.00026644293804778396
0.00024297636869552441
0.00022129075143118015
0.0002014978686957214
0.00018348520739419616
0.00016700150233739386
0.0001518007931038401
0.00013778756748950016
0.00012510601698889623
0.00011413878800092814
0.00010541585938539377
9.946854754749879e-5
9.66839889799953e-5
9.721426859665705e-5
0.00010097253547336482
0.00010771474461779285
0.00011717322000892594
0.0001291894378618874
0.0001437951912094393
0.0001612125150036725
0.00018177488856352397
0.00020580273302694962
0.0002334833985325746
0.0002648033338603639
0.00029955926428892887
0.000337444310170798
0.0003781760985529514
0.00042161811084417966
0.0004678486244702462
0.0005171521412786761
0.0005699379920593994
0.0006266182949680177
0.0006874921385839894
0.0007526793553933597
0.0008221272170636507
0.0008956847990486683
0.0009732137545001018
0.00105469075652187
0.0011402608890169752
0.001230220960965811
0.0013249392634534507
0.0014247429629393737
0.0015298166718318296
0.0016401511783734612
0.0017555618334317291
0.0018757693671926923
0.0020005122979003254
0.0021296486071258336
0.002263209217155282
0.002401384905701409
0.0025444540867277654
0.0026926813705797636
0.0028462274063074666
0.003005105313816925
0.0031692002662326857
0.0033383438969419865
0.003512413854217411
0.003691419193963652
0.0038755379577387616
0.004065091872063942
0.004260467325129302
0.0044620122523748584
0.0046699474718118195
0.0048843250722354625
0.005105048135667145
0.0053319425577036395
0.005564852108297602
0.005803719629802084
0.006048623410298104
0.0062997557403352555
0.006557353384880504
0.00682160836248924
0.007092594873530533
0.007370241711433634
0.007654361683266608
0.007944727437571686
0.008241165215083113
0.008543631243502992
0.008852242295247947
0.009167249568433733
0.00948896664917842
0.009817679534998902
0.010153572986115744
0.010496700541631987
0.010847008215377096
0.011204400961238314
0.01156882456989261
0.01194033000769168
0.012319094396866515
0.012705389959583258
0.01309951260410358
0.013501697536406065
0.013912054318123146
0.014330546308001235
0.014757022402435593
0.015191289056722734
0.015633195406624445
0.01608269969639453
0.016539892819625313
0.017004971546032754
0.017478173398648766
0.017959699675754504
0.018449657239724027
0.01894804193962596
0.019454770006218647
0.01996974491855874
0.02049293338519864
0.021024420520629583
0.02156442232823108
0.022113250046299715
0.022671239379799424
0.023238671006354128
0.0238157119099075
0.024402398924991964
0.024998669603791157
0.02560442747002356
0.026219615849092825
0.02684427166178538
0.027478538817350406
0.0281226368556996
0.028776798019247707
0.029441198202167396
0.03011590953215537
0.030800893867637624
0.031496040584301443
0.03220123486474269
0.03291643091809848
0.033641702651461936
0.03437725296350569
0.03512337863800741
0.035880404655807
0.03664861314125489
0.037428193780848495
0.038219233860372515
0.039021750499610874
0.03983575127770067
0.04066129856272471
0.041498551640539394
0.04234776957916131
0.043209273182403085
0.044083380383388326
0.04497033982304377
0.04587028816743832
0.046783247676289275
0.04770916517515711
0.048647977849590074
0.0495996812213253
0.05056437411143522
0.051542264487393075
0.05253363526089749
0.05353878446744753
0.05455796390068135
0.05559134052453296
0.05663899581984033
0.05770096324573848
0.05877728903445256
0.05986809237420754
0.060973601182123804
0.0620941490290825
0.06323013370167829
0.06438195259666812
0.06554993897784
0.06673432271370161
0.06793522966556265
0.06915271909508336
0.07038684403160866
0.07163771102695127
0.07290551635973586
0.07419054521973789
0.07549313498901156
0.0768136177748886
0.07815226541873188
0.07950925921605712
0.08088469696188516
0.08227863543330582
0.0836911526576819
0.08512240659804249
0.08657266817079645
0.08804231626718373
0.08953179689047364
0.09104156207279401
0.09257201169645146
0.0941234598860452
0.09569613788081921
0.09729023105567214
0.09890593455374974
0.1005435049129213
0.10220328681154922
0.10388570390595342
0.10559121683829575
0.10732026438776332
0.10907321043883456
0.11085031737606488
0.11265175650379966
0.11447765201008231
0.11632814227778443
0.11820343587596716
0.12010384179772515
0.12202976354204365
0.12398166056358417
0.12595999305292427
0.12796517217926506
0.12999753548810722
0.1320573570903072
0.13414488853309492
0.13626041414199097
0.13840429884246208
0.1405770092313121
0.14277909888490736
0.14501116260598956
0.1472737762278482
0.14956744412905654
0.1518925736533474
0.154249485345469
0.15663845428876233
0.15905976611658634
0.16151376596058353
0.16400088169880134
0.16652161312987157
0.16907649212337328
0.17166603017655846
0.17429067474969173
0.17695079236451927
0.17964668606430023
0.18237864147945848
0.18514698458514656
0.18795212957992447
0.19079459894439899
0.1936750082424682
0.1965940215493801
0.19955229440193356
0.20255042564711012
0.20558893582709625
0.2086682792653547
0.21178888388280437
0.2149512020575829
0.21815575167389012
0.22140313046956617
0.2246939973268458
0.2280290271611798
0.2314088565086151
0.23483404075456338
0.23830503970473904
0.2418222375136826
0.24538598997944772
0.24899668189163182
0.252654773443477
0.2563608190762514
0.26011545280645
0.26391934695485475
0.26777316128595563
0.27167750300185345
0.27563291352309216
0.2796398873084508
0.28369891527181945
0.287810535568676
0.2919753714339227
0.2961941405499129
0.30046763125310105
0.30479665356905117
0.30918198270983477
0.3136243155654356
0.31812425576868586
0.32268233203413765
0.3272990418649494
0.33197490324035017
0.33671049417176446
0.3415064650637285
0.34636351965060885
0.35128237268948603
0.3562637017650975
0.3613081129579735
0.36641613482242374
0.37158824417472247
0.3768249148382402
0.3821266715046756
0.3874941287184681
0.39292800050417
0.3984290772081571
0.40399817846057473
0.40963610003972006
0.41534357444148984
0.4211212593736555
0.4269697573932789
0.4328896577528011
0.43888158291529034
0.444946220458429
0.45108432686731903
0.4572967007672024
0.4635841351841886
0.4699473667837971
0.47638704148575783
0.48290370982211994
0.48949785421389325
0.4961699382964859
0.5029204601575635
0.5097499900317842
0.5166591791127362
0.5236487373163109
0.5307193897416155
0.5378718296326279
0.545106686752201
0.5524245238357958
0.5598258626323976
0.5673112292968462
0.5748812011237218
0.5825364358222951
0.5902776710392226
0.598105693135935
0.6060212859666111
0.614025178057864
0.6221180072169131
0.6303003149562706
0.6385725717833536
0.6469352227328014
0.6553887350061217
0.6639336291039418
0.6725704815476934
0.6812998985718225
0.6901224716454931
0.6990387329073395
0.7080491287702372
0.717154023005345
0.7263537292287104
0.735648561287433
0.7450388829902961
0.7545251386769869
0.7641078532591232
0.7737876018511596
0.7835649605232147
0.7934404566665757
0.8034145373041198
0.8134875664874839
0.8236598514967032
0.8339316863211482
0.8443033941971785
0.8547753513945296
0.8653479818119131
0.8760217234067929
0.8867969786052181
0.8976740673071928
0.908653200408267
0.9197344841507287
0.9309179540170901
0.9422036257444777
0.9535915446508527
0.9650818152719765
0.9766746009870639
0.9883700948895313
1.000168474167048
1.012069856449326
1.0240742755840755
1.0361816865134545
1.0483919973713889
1.0607051160862047
1.0731209928564192
1.0856396411733087
1.09826112810492
1.110985536243256
1.1238129105492474
1.1367432091345226
1.1497762755569867
1.1629118420404057
1.1761495613011896
1.1894890538920064
1.202929952293657
1.2164719245757918
1.2301146686689415
1.2438578799501774
1.257701205421574
1.2716442031541035
1.2856863237833478
1.299826922395491
1.3140652973885623
1.328400742372804
1.3428325919535384
1.357360244347832
1.3719831524260766
1.3867007866265295
1.4015125837093607
1.416417900457667
1.4314159892310931
1.4465060036000013
1.4616870304983238
1.4769581349935184
1.4923183988813116
1.5077669367628521
1.5233028821055348
1.5389253476050806
1.5546333743809102
1.5704258891869078
1.5863016860867638
1.6022594399561711
1.6182977472161213
1.634415178966772
1.6506103271145867
1.6668818269232193
1.6832283485706996
1.6996485622289275
1.716141091292402
1.7327044727740057
1.7493371408695355
1.7660374404454071
1.782803665311251
1.7996341062129582
1.8165270893788668
1.8334809897832445
1.8504942127965927
1.867565149923098
1.8846921242503698
1.9018733452277519
1.919106888901063
1.936390710098324
1.9537226809858113
1.9711006405416522
1.9885224356196074
2.0059859378794442
2.0234890305352495
2.0410295708668915
2.0586053441023653
2.076214027857751
2.0938531824135858
2.11152027220276
2.129212711799174
2.146927920095079
2.164663362957196
2.1824165687907318
2.200185111545683
2.2179665678980918
2.235758464946037
2.2535582380865016
2.271363214515017
2.289170627656511
2.306977655715225
2.324781468113734
2.3425792605237135
2.360368263668564
2.3781457213770447
2.3959088455080764
2.41365476464765
2.4313804862906667
2.449082887444269
2.466758738033067
2.4844047491936987
2.502017629238814
2.519594127328719
2.53713104976769
2.554625244460161
2.5720735613248076
2.5894728056410665
2.6068197038513867
2.624110896281078
2.6413429605253027
2.6585124570383942
2.6756159794829606
2.6926501901531807
2.7096118261812183
2.7264976732200688
2.7433045156563
2.760029081383549
2.7766680012950924
2.793217798097034
2.8096749079280636
2.8260357258684676
2.8422966575021427
2.8584541566929365
2.874504735415735
2.890444942641925
2.906271321595242
2.9219803633902117
2.937568476754807
2.9530319875379702
2.968367170302138
2.983570301887843
2.9986377182064805
3.0135658540189034
3.028351251700536
3.042990536602792
3.057480369145642
3.071817392404596
3.0859981953688966
3.1000193057060113
3.1138772142222435
3.1275684207631302
3.141089482869133
3.1544370473650805
3.1676078516754034
3.180598693481787
3.1934063798108796
3.206027674925871
3.2184592672653625
3.2306977687482936
3.2427397476751754
3.2545817838360755
3.2662205261367663
3.277652732275206
3.288875277048108
3.299885128031103
3.3106792999665915
3.321254807349086
3.331608635261972
3.3417377412643594
3.351639088848745
3.3613097004383805
3.3707467099381114
3.3799473946041876
3.3889091735982553
3.397629573146021
3.4061061709127602
3.414336540144778
3.4223182142338726
3.430048684576061
3.4375254318956965
3.4447459784739967
3.4517079408625966
3.458409062712928
3.4648472152975307
3.471020366074631
3.4769265283110586
3.4825637124175453
3.4879298992786607
3.4930230475804147
3.4978411341145947
3.5023822132826736
3.506644474464491
3.510626276502711
3.5143261470960168
3.5177427481342156
3.520874820864731
3.523721132302215
3.526280443575023
3.5285515122105013
3.5305331270423195
3.5322241616212375
3.5336236246852515
3.5347306872531425
3.535544674890023
3.5360650272091445
3.536291239507042
3.5362228086053085
3.535859203681742
3.535199873565096
3.534244288189217
3.532991998943279
3.5314426955102842
3.529596238226066
3.5274526544826488
3.525012101600181
3.522274811543523
3.5192410398548306
3.5159110394896214
3.512285070505043
3.5083634424981596
3.504146573756221
3.4996350442806525
3.4948296218523827
3.489731250396197
3.4843410042246266
3.478660024791055
3.472689463315838
3.4664304504418926
3.4598841037413
3.4530515693870387
3.4459340812057078
3.438533013697109
3.4308499080246206
3.422886460538855
3.414644478038255
3.4061258170391033
3.3973323307526684
3.38826584472334
3.378928171178626
3.369321157250948
3.3594467490883817
3.3493070475677875
3.338904334334052
3.3282410581030764
3.3173197862986035
3.3061431403254473
3.2947137390012733
3.283034171449327
3.2711070093037873
3.25893485279302
3.2465203920411962
3.2338664588931683
3.220976048093009
3.207852298417685
3.194498439871998
3.1809177263074595
3.167113378690905
3.153088560402759
3.1388463938148994
3.1243900116193144
3.1097226230221624
3.094847569152587
3.0797683461250305
3.064488586606822
3.049012006723925
3.033342338529077
3.0174832738696287
3.0014384411195616
2.9852114235239235
2.96880581172276
2.9522252696221356
2.9354735873679316
2.9185546999010574
2.9014726626696543
2.8842315925348423
2.8668355953892597
2.8492887072823034
2.8315948708232552
2.813757955190902
2.7957818113586113
2.777670340585276
2.7594275490799114
2.7410575670512882
2.722564624108883
2.7039529899119157
2.6852269025356534
2.6663905119635682
2.647447860453902
2.6284029073909156
2.609259589030462
2.59002188992253
2.5706938980380647
2.5512798216464745
2.5317839605328345
2.512210641649047
2.492564143017775
2.472848634326466
2.4530681563203958
2.433226646208163
2.41332799853647
2.393376137222564
2.3733750700029645
2.3533289032390545
2.333241810300202
2.313117964765328
2.292961463486108
2.2727762687634967
2.252566191802012
2.23233492387868
2.2120861033127817
2.1918233924245785
2.171550534631461
2.1512713692821537
2.1309897979753667
2.1107097147704676
2.0904349266785722
2.070169094687551
2.049915717760782
2.029678165701055
2.009459747831567
1.9892637904307575
1.9690936922314513
1.9489529355421857
1.9288450475720826
1.9087735258205796
1.8887417554866923
1.8687529502616664
1.848810139186353
1.8289162047373646
1.8090739576539538
1.7892862198091946
1.7695558831971365
1.7498859221842147
1.7302793541398127
1.7107391635345803
1.6912682188616932
1.6718692147290912
1.6525446619409407
1.6332969299215547
1.6141283255112848
1.5950411778368374
1.5760378962311934
1.5571209782126396
1.5382929635632845
1.5195563512949177
1.500913510746806
1.4823666205814792
1.4639176589528282
1.4455684485624738
1.4273207391815446
1.4091762956590326
1.3911369571503283
1.3732046442695665
1.3553813109626938
1.3376688594131396
1.3200690509060893
1.302583447563017
1.2852134083232247
1.2679601418264481
1.2508247968717534
1.2338085563863999
1.2169126991102412
1.2001386052825942
1.1834877039717162
1.1669613821430647
1.150560890448619
1.134287282208436
1.118141409447958
1.1021239778999719
1.08623563999082
1.0704770898637912
1.0548491233252222
1.0393526388246028
1.0239885782245095
1.0087578295071067
0.993661128648658
0.978698998738633
0.9638717505419694
0.949179545310135
0.9346224966861414
0.9202007732814552
0.9059146629254191
0.8917645740752597
0.8777509739769813
0.8638742876551828
0.8501347972059712
0.8365325811130035
0.8230675181429845
0.8097393555100082
0.7965478159553101
0.7834927028749572
0.7705739627682324
0.7577916802090392
0.7451460062841759
0.7326370471489274
0.7202647550726827
0.7080288638820634
0.6959288940458161
0.6839642260421555
0.6721342142849637
0.6604382979666787
0.6488760659869155
0.6374472505581026
0.6261516515595138
0.6149890207209293
0.6039589507797345
0.5930608135037531
0.5822937721650059
0.5716568655565448
0.5611491328687666
0.55076973245255
0.5405180091559334
0.5303934841274054
0.5203957705312681
0.5105244472179675
0.5007789389543944
0.491158449778081
0.4816619759439412
0.47228839432960124
0.4630365927745791
0.45390559205752057
0.44489461174152223
0.43600305323253397
0.4272304051805025
0.41857610663952594
0.41003942042862185
0.4016193661017039
0.39331473971626596
0.385124214502507
0.3770464852272294
0.3690804016682179
0.36122504009956
0.3534796849958961
0.34584372755993753
0.33831652000301404
0.3308972422055012
0.323584833370523
0.31637801678143074
0.30927540996101055
0.3022756791174305
0.2953776787473298
0.28858052189315364
0.281883552406731
0.27528622799227087
0.2687879574842267
0.262387954274774
0.25608516261521697
0.24987828628372932
0.24376591001259262
0.23774666804582933
0.23181939526213124
0.22598320207906464
0.2202374430393561
0.21458158984689724
0.20901505703460288
0.2035370478311066
0.19814648129345924
0.19284203142356027
0.1876222661045981
0.1824858346700997
0.17743163295875852
0.1724588819240982
0.16756708799597497
0.16275589847060834
0.15802490602462915
0.15337347710532612
0.1488006710405273
0.14430528273507526
0.13988599442754546
0.1355415792786553
0.13127107821377926
0.12707388017657206
0.12294967201947204
0.11889827425408905
0.11491942371353492
0.11101258632972344
0.1071768735956361
0.10341109787785141
0.09971394880055562
0.09608422563036845
0.0925210374157267
0.0890238931196462
0.08559264485301687
0.08222730343708018
0.07892779549852003
0.07569375559819713
0.07252443546523946
0.0694187688059058
0.06637557049778109
0.06339379601195116
0.06047276136321167
0.057612236408313366
0.054812371053316045
0.05207347768316939
0.04939574962232718
0.0467790225606014
0.04422267229481658
0.04172569196707698
0.03928692364040809
0.036905358520826215
0.03458039110874478
0.03231192721727261
0.03010029973570827
0.0279460194925244
0.02584945366561331
0.023810555374573883
0.021828752194941292
0.019903043013568822
0.018032273146070366
0.016215487107934523
0.014452224538457625
0.012742641923079168
0.011087406066913053
0.009487391816858426
0.00794329358911261
0.006455297624516798
0.00502294363887501
0.00364523568283015
0.00232096736976517
0.0010491418831248822
-0.00017067442228690943
-0.0013382066231264478
-0.0024526005204457135
-0.0035127887735142416
-0.004517961900649237
-0.005467965185248058
-0.006363462948271836
-0.00720579458029591
-0.007996562894997394
-0.0087371013434685
-0.00942802093060302
-0.010069016822441768
-0.010659023024112813
-0.011196673036704352
-0.011680903518693775
-0.01211147388309386
-0.012489195216720761
-0.01281576359212222
-0.013093241008806489
-0.013323367318845314
-0.013506964049782022
-0.013643672386445926
-0.013732153964035376
-0.013770712255559259
-0.013758126149175709
-0.013694389899073567
-0.013581067036192662
-0.013421092695836911
-0.013218058870485105
-0.012975219460682474
-0.012694579834350739
-0.01237643453316939
-0.012019576798103726
-0.011622166065247574
-0.011182985604671902
-0.010702645895476648
-0.010184263220827328
-0.009633291282686862
-0.00905646867020038
-0.008460176141234843
-0.007848759598822586
-0.007223466357382913
-0.006582513680086555
-0.005922481709069283
-0.005240789833148574
-0.0045386118839996215
-0.0038233478776736884
-0.003109790399213219
-0.002419416798068008
-0.0017777323217709196
-0.0012101448109254065
-0.000737303202839712
-0.0003710396308400643
-0.00011194795400615298
