-0.11048450112842101
-0.03946850867133578
0.017388216224458852
0.055041201741997337
0.07275510267815899
0.07388041136088075
0.0645664804730185
0.05184020526503508
0.04164696891443431
0.037425987700085206
0.03959133220550515
0.045984553585971644
0.053057991697561535
0.05733841924056582
0.056670950706859236
0.050859562471400444
0.04155412455874685
0.03149916917220286
0.02346560197801728
0.019267547754987735
0.01920338671201416
0.02208425852947804
0.02579337132016446
0.028135066999607772
0.027646286002146025
0.024079175314084433
0.018401710127791127
0.012347845344466646
0.0077108400237843044
0.0056557989992512825
0.006304697794066616
0.008733086592955241
0.01135860374651454
0.01255775741738896
0.011271032760160393
0.007372102643936507
0.0016747144747329967
-0.004409053074257985
-0.00941661943967742
-0.012375862334553789
-0.013137910003070186
-0.01238650482220316
-0.011334159063651317
-0.011232032381306878
-0.012885268047026832
-0.01635620841224772
-0.020960657774979463
-0.0255484686843237
-0.02895307689665705
-0.030434881651538737
-0.029951373614775623
-0.02815743617854416
-0.02614382342264876
-0.025020118556736026
-0.02550376846273572
-0.02766959696522653
-0.03094909198416862
-0.03437193914525838
-0.03695110623895914
-0.03806145225915447
-0.037668575262350235
-0.036325285724048806
-0.034943343679821215
-0.0344330682565781
-0.03535115763649088
-0.03769046107767404
-0.04088838066191203
-0.044045874977065136
-0.046269403819693355
-0.047003602177197124
-0.046229036524913836
-0.04445340123379227
-0.04250441711125852
-0.041207644725539616
-0.04107413721282027
-0.04211626067130103
-0.043858665817649856
-0.04553574390890902
-0.046396163202089724
-0.045996002336462505
-0.04436875506141913
-0.04200957652419568
-0.03968307762016221
-0.03813097065361459
-0.03779256681605547
-0.03864416092294354
-0.040216187871433995
-0.04177837508398863
-0.04261944584612465
-0.04231336346776504
-0.040871255912436455
-0.03872354894295649
-0.036542509767908404
-0.034976013043124476
-0.034395908065063985
-0.03475697894858243
-0.035618645653989756
-0.03631856699227054
-0.03622948923649183
-0.03499997818066225
-0.0326873388643516
-0.029733530794534557
-0.02679547985909725
-0.024496497427843655
-0.02319454716623226
-0.022855193416535302
-0.02307580231212425
-0.023249185689212082
-0.022801895091391744
-0.02141491052960598
-0.019142619977331243
-0.016386116560627162
-0.013733173691978795
-0.011728063696218038
-0.010660350391606288
-0.010453346956524445
-0.010693783746367647
-0.010789739855050495
-0.01019506672848669
-0.008613935826690788
-0.006107843102155286
-0.0030656393344277166
-4.994104958999657e-5
0.0024197322616794636
0.0040634201805167525
0.004942044269292567
0.005426226273975154
0.006046406038762719
0.007283305500102366
0.009379883962790991
0.012246724345476023
0.01549617921520019
0.018590912939360327
0.02104885360344766
0.0226256205393639
0.023404964880563872
0.02376367999241502
0.024225771917067762
0.025262809402514463
0.027117264552651177
0.029715956826371293
0.03270546765135196
0.03559436469539068
0.03794638041462406
0.039549823706753084
0.0404984439308016
0.04115359789069295
0.04200337723322556
0.043473689313541675
0.045764163329097274
0.048771554627074165
0.05212923309064388
0.055346652390984796
0.05799461288381402
0.05986515824750438
0.06104536757097856
0.061877858841463906
0.062824435731483
0.06428619524236245
0.06644951784654585
0.06921672391468647
0.07224713363109214
0.07509168184679349
0.07736851325477301
0.07891173481791403
0.07983638184268305
0.0804952552745295
0.08134492754040523
0.08277286380275095
0.084952057440702
0.0877784781281199
0.09091445564657574
0.09392038060278263
0.09642347255572048
0.098258663431537
0.09952794196983628
0.10055625625544728
0.10176193405850131
0.10349221144202503
0.10588741674597713
0.10882583996141526
0.11196994402556193
0.11489553197066493
0.11725379802550184
0.11890394642899038
0.11996579647160854
0.12077281902279036
0.12174432647303435
0.12322634009227318
0.12536224234045978
0.12804239973283393
0.1309512687946588
0.13369297675572467
0.1359464353490456
0.137590116287291
0.13874873497370466
0.13974443329142927
0.14097185045997207
0.14274556390409632
0.1451786693364806
0.1481389415071196
0.15129896324061143
0.15426048036522344
0.15670493002819452
0.15851239863355193
0.1598037770782803
0.16089064098211825
0.16215285964288617
0.16389148621239746
0.16621359482986686
0.16899304243688051
0.17192166191529934
0.1746305595016432
0.17683439287336034
0.17844297378246055
0.1795974238035729
0.18061733073443864
0.1818795911099853
0.18367571406798333
0.18610234676618032
0.1890267136135878
0.19213968700462647
0.19507554104779345
0.19755202543714045
0.19947693030240854
0.2009805445428966
0.20236213208810994
0.2039716446090346
0.20607262867527942
0.20873922728675687
0.21182676388132315
0.21502690093719623
0.21798581176450182
0.22043971150572084
0.22231565992115032
0.22375914216514015
0.22507822338413486
0.22662611874015492
0.2286675039443814
0.2312798503534188
0.23432731706444565
0.23751666071001554
0.24051308737359345
0.24307109420946416
0.24512986336061093
0.24683668586493734
0.24848975879727397
0.25042273988766106
0.2528757245374603
0.2559023216963364
0.25934841331028924
0.26291049614117756
0.2662509237072944
0.269125644709596
0.27147546547840007
0.2734461132664179
0.2753298776861738
0.27745173393129663
0.2800440246704824
0.2831579149829474
0.286645435332453
0.29021861509730273
0.29356253748548655
0.29645852331341926
0.29886995313880416
0.3009578038371421
0.30302012571397563
0.3053789331955795
0.3082580838072745
0.31169899893853326
0.31554635418056143
0.3195088744884592
0.3232715316314617
0.3266158402582757
0.3295020681485873
0.33208204408176867
0.33463807058141604
0.3374718705724796
0.34078659183789517
0.34460736763040667
0.3487709088854005
0.35298793120744265
0.35695419567445164
0.3604673390576614
0.3635045941426601
0.3662316831535267
0.36893970353374117
0.37193447565894733
0.37542096135926584
0.37942706286498407
0.38379578953195725
0.38824839140608336
0.39249378756409325
0.3963419436908815
0.39977752803111355
0.4029656400551005
0.40618765147606783
0.4097320961323847
0.41378275455669566
0.41834702405679025
0.42325204369219716
0.42820992007746894
0.4329268512251425
0.43721417399635165
0.44105877382699554
0.4446260586036357
0.44819469467532125
0.4520485058737018
0.456367277683956
0.46115844641472625
0.46625575624855753
0.4713851045557944
0.4762719443385901
0.4807487087723995
0.484820845010395
0.48866609071222866
0.49256737536036055
0.4968052498391703
0.5015512333167463
0.5068029973988818
0.5123861163702959
0.5180214730090491
0.5234322060248104
0.5284490014075625
0.5330733284853084
0.5374745419464393
0.541922288704263
0.5466805342052432
0.5519041961386608
0.5575782362992419
0.563522600717746
0.5694609902120356
0.575126884197404
0.5803659698848977
0.5851956033558134
0.5897985360613709
0.5944534524340175
0.599429126624883
0.6048828962329187
0.6108023600472533
0.6170124701707822
0.6232449843088614
0.629243285606782
0.6348620720367703
0.6401235267048715
0.6452084483764713
0.6503859199603754
0.6559087472149128
0.6619150177599011
0.6683736946677182
0.6750951462224146
0.6818025027888235
0.6882363600044785
0.6942525964797631
0.6998758190882524
0.7052880947096045
0.7107575450539724
0.7165344710040791
0.7227550622817045
0.7293897016269943
0.7362556017937157
0.74308869674478
0.7496469088630121
0.7558048959572118
0.7616037422176314
0.7672364679494297
0.7729749655070681
0.7790664946559056
0.7856395311974588
0.7926550975188525
0.7999221557078716
0.8071709912975331
0.8141562537089018
0.8207500027133279
0.8269890653629949
0.8330586789522302
0.8392189554757361
0.8457026901946112
0.8526239997401903
0.8599330202801719
0.8674340922089018
0.8748603812539006
0.8819761661024033
0.8886674098446035
0.8949857884054838
0.9011292931879521
0.9073669308697341
0.9139365121338406
0.9209548019796736
0.9283744647826777
0.9360041680163046
0.9435838849129492
0.9508862261265061
0.9578046863193558
0.9643948174496593
0.9708525363075381
0.9774380152186772
0.9843745540954385
0.9917614340195379
0.9995343310850064
1.0074885338071011
1.0153560320909834
1.0229068398309489
1.0300356364768115
1.0368005159347424
1.043399096562
1.050091350528908
1.057098973272442
1.0645200687097793
1.0722919471639323
1.080216244926734
1.0880365489923496
1.0955385008935816
1.102633731189533
1.109395242941315
1.1160305869273723
1.1228031318368283
1.1299317026369673
1.137507160615736
1.1454579499926736
1.1535777763415527
1.1616046825329955
1.1693210493572912
1.1766360586256919
1.1836189744489585
1.1904705806069065
1.197443938429703
1.2047451254900396
1.2124522832912121
1.220484205054612
1.2286305809025126
1.2366322567306829
1.2442806048312733
1.2514977564507546
1.2583668255953606
1.2651005061602354
1.2719601312393383
1.2791563180351835
1.2867693647048575
1.294719918839489
1.302801058330155
1.3107592831386268
1.3183931133245712
1.3256312560372208
1.3325602215023848
1.3393907742793016
1.3463761826260596
1.353713796817949
1.361467902837831
1.3695435999240353
1.3777218042551458
1.3857419557124622
1.3934006569751867
1.4006283619986672
1.4075146982727162
1.414272785633451
1.4211563844498643
1.4283618328262584
1.4359525437310612
1.4438351010051158
1.4517960893497823
1.4595853869720234
1.4670137534920022
1.4740270467126622
1.480728410874676
1.4873398212664424
1.4941177252220945
1.5012551954628586
1.508808206154201
1.5166743598729897
1.5246322128637086
1.5324260380307795
1.5398634021454027
1.546888034478291
1.553600008638834
1.5602155674324059
1.5669821697972668
1.574081577662723
1.5815583939542006
1.5893016461874638
1.597086566542945
1.6046605227295176
1.6118400364104586
1.6185815391621907
1.6249986094520805
1.6313190212088071
1.63779808920395
1.6446216051222358
1.651835651267697
1.6593302209368725
1.6668828549645474
1.6742454006860685
1.6812404073674345
1.6878299784005912
1.6941305262492534
1.7003677289404995
1.7067890367414371
1.7135674482255472
1.720733661110916
1.7281627988612276
1.7356209151798527
1.7428534686358983
1.7496817977893477
1.7560705372705296
1.7621400894523362
1.7681194051365359
1.7742572933131595
1.7807264325944931
1.7875570523977806
1.7946258121298435
1.8017041343558666
1.8085473332201492
1.814990146889251
1.821011794050027
1.8267453930219355
1.832428000557706
1.838310401446646
1.8445613011580535
1.8512027611253825
1.8581017208164732
1.8650208843559675
1.8717094115915252
1.8779985369900127
1.8838653453403964
1.889440195961047
1.894954990723181
1.90065227155665
1.906690233280417
1.913080327600416
1.9196815938094014
1.9262540027179056
1.9325503524897791
1.9384113699913248
1.9438273884364947
1.9489427963852854
1.9540014567247073
1.959254010533061
1.9648626622998724
1.9708400301430533
1.9770455473468591
1.9832407535035634
1.9891821379906653
1.9947157283761954
1.9998369311172566
2.0046925062283254
2.0095238509676117
2.0145733996115682
2.0199901984458926
2.0257710882989537
2.031760263070638
2.0377075202949597
2.043362917845483
2.048571504944242
2.053331724707287
2.057795031595414
2.0622068736315184
2.0668117581878027
2.0717589590022927
2.0770451917758472
2.0825163607050445
2.0879277239282965
2.09303929911444
2.0977097106433424
2.101952225315184
2.105931241945755
2.109900416055294
2.114106096525029
2.118693159389011
2.1236494669421226
2.1288103685372883
2.1339215792393755
2.1387363029607815
2.1431092635192623
2.147051468023985
2.150724623444837
2.1543773615812505
2.158247859351887
2.1624704265637034
2.167022155370529
2.1717303327923445
2.176337920226233
2.1806020052145083
2.18438736343128
2.187719068376961
2.190773783771976
2.193812944713862
2.197083410692808
2.2007237341181485
2.204712077372539
2.20887581904749
2.2129591547551897
2.2167226518171472
2.220036372249021
2.2229306079610014
2.225584564656322
2.2282572319477594
2.2311869892689185
2.2344986183919833
2.2381536329227325
2.24196322775926
2.2456590694817957
2.2489948566731517
2.251839670135648
2.2542272158366448
2.256341979711358
2.258447572420958
2.260784811223835
2.2634787811481125
2.2664907120199427
2.2696332847557725
2.272643549913685
2.275285404919786
2.277442108782947
2.2791630575867923
2.28064659078124
2.282165215268261
2.283961849905106
2.2861569400455215
2.2887022104921955
2.291398953134037
2.293973937785595
2.296183834716153
2.297908005220574
2.2991939284030813
2.30023772244087
2.301307207689924
2.302637131392559
2.304336976741488
2.3063470214975315
2.3084597893352092
2.3103988562817763
2.3119248248532753
2.3129277057623243
2.313470057065925
2.3137640951916563
2.314091377167411
2.314695792626951
2.3156909573018707
2.3170176463647696
2.3184677070923323
2.3197653097838575
2.320674276518847
2.3210901039750294
2.3210811030098912
2.3208626183136687
2.3207140704546627
2.3208706588587233
2.321431448274716
2.3223193869374064
2.3233089048308275
2.3241107455589987
2.324481597422836
2.32431643383311
2.323688008635537
2.322818207142258
2.321992162002291
2.3214481202461665
2.3212854720803966
2.3214264533240967
2.3216464229331684
2.321661199715024
2.321237885798371
2.3202864267895458
2.3188964395843814
2.3173048244288457
2.315806321636655
2.31464122151232
2.313903372788621
2.313503971081716
2.313205243306556
2.312711267047047
2.31178111767334
2.310320834819081
2.3084187418107525
2.306310391640307
2.304286514832703
2.302579376426346
2.3012713986010276
2.3002614670456376
2.2993022075723375
2.2980941803820425
2.296400916619126
2.294140527425444
2.291418460831787
2.2884885196966924
2.2856568460998394
2.2831656051221962
2.281101050921907
2.279361413498509
2.277697106271754
2.2758079160536364
2.2734598139377766
2.2705763319071757
2.2672691064940005
2.263795539809206
2.260459617729606
2.257493939951116
2.254968441680402
2.252761198846475
2.2506029263824447
2.248178417164026
2.2452461455435655
2.2417300926981025
2.237748366054967
2.233567400362194
2.2294991628459453
2.2257808160630894
2.222483196892603
2.219483523431584
2.216513090874325
2.2132618127365644
2.2094994360201605
2.2051666348972425
2.200400590355818
2.195484775090879
2.190741859418819
2.1864106923762696
2.1825546596524705
2.17903685650038
2.175571930827211
2.171834952163745
2.1675856042200525
2.162759922521796
2.1574941202272844
2.1520710964328886
2.1468100170063695
2.141941422301021
2.1375161010745365
2.1333831662560225
2.129246225623324
2.124776431745839
2.1197391187922516
2.114085246075118
2.107972170259351
2.101705324198101
2.095622824285352
2.089967135074386
2.084793121220387
2.0799480212329184
2.075131310325571
2.070011644572272
2.0643559507418603
2.0581208261075448
2.051470719532774
2.044715459425973
2.0381908085359037
2.032127870420563
2.0265617541052285
2.021315057410893
2.0160630758793228
2.0104561608501523
2.004252467033206
1.997410056426497
1.9901027102848046
1.982653019103108
1.9754081783802722
1.9686061403602189
1.9622837320195154
1.956262416817217
1.9502175870786407
1.94380504155362
1.9367960530868116
1.9291688097698179
1.9211205281620582
1.9129949371549326
1.9051524689065373
1.8978327882655512
1.891062577676137
1.8846443855572157
1.8782313175459482
1.8714592869592404
1.8640861867454321
1.8560843905919855
1.847650695384016
1.839129477302731
1.8308783190726576
1.82312776484767
1.8158894563433203
1.808948568893821
1.8019441393915767
1.7945069447646738
1.7864021366640297
1.7776216089302723
1.7683900668725423
1.759081796593632
1.7500795486083445
1.7416294819384492
1.7337479872774058
1.7262165573474295
1.7186671352544198
1.7107254707270934
1.7021574113417675
1.6929615605783042
1.683372071855778
1.673769821402821
1.664535605706225
1.6559016803829723
1.6478590505700872
1.6401568559368072
1.6323949326469318
1.624174683859869
1.6152506205483697
1.6056242332893698
1.5955436607067033
1.585408686169394
1.5756171095293294
1.5664114149119681
1.5577849557152503
1.549484315207108
1.5411076093248455
1.532261409172571
1.5227159935131436
1.5124987777866683
1.5018891405768278
1.4913156459131567
1.4811943730961101
1.4717701536031027
1.4630219412919563
1.4546693303383904
1.4462785327487013
1.4374277516828597
1.4278686544529875
1.417621655890854
1.4069677851315938
1.3963395551906348
1.3861523018591588
1.376640823061343
1.3677646716063543
1.3592194839850418
1.3505510759375272
1.3413292691275573
1.3313148984799554
1.3205554178796377
1.3093714501222609
1.2982383507095618
1.2876074030734874
1.2777349687305701
1.2685854687693006
1.259846171408447
1.2510489368419413
1.241752719506755
1.2317167321745823
1.2209971330547988
1.2099290260251063
1.1989995466884171
1.188660003177117
1.179149131929236
1.1703960236512498
1.1620412425654636
1.1535694271068773
1.1445035345732322
1.1345865533705515
1.1238805517791888
1.112744099372129
1.101695637750083
1.0912144812605216
1.0815557365263322
1.0726508278864584
1.0641329655363447
1.0554789882619495
1.0462138891796169
1.036099456506233
1.0252336734849765
1.0140211533182415
1.0030242711137336
0.9927508988822871
0.983459848741417
0.9750592993034013
0.9671385028630491
0.9591221080922137
0.9504889772760884
0.9409718012722679
0.9306602637281824
0.9199668777837748
0.9094672289713637
0.8996750808591879
0.8908387590811608
0.8828381042749012
0.8752234040471834
0.8673833186882367
0.858778710390273
0.8491528920537005
0.8386366473283605
0.827705873789605
0.8170060351386716
0.8071092413747556
0.7982966951082631
0.790450705755839
0.7830992863894213
0.7755979672127153
0.7673802011850416
0.758180255377805
0.7481417681757626
0.737768153144108
0.7277316205239284
0.7186126077094943
0.7106695073649216
0.7037284824754179
0.6972381738486857
0.6904710784974075
0.6827963810116974
0.6739201765971679
0.6639999302902748
0.6535870978784172
0.6434174838005712
0.6341280640479438
0.6260086911432599
0.618885359558247
0.6121823846003553
0.6051423637661927
0.5971212920589244
0.5878455898189081
0.5775304563413117
0.5668107697051907
0.5565073964498342
0.5473159236459
0.5395365445714573
0.5329502482746625
0.5268919720312387
0.5204962495819723
0.5130237606602333
0.5041441552537994
0.49406502499656035
0.4834542650127732
0.4731820001435273
0.46397866896729445
0.4561403691573138
0.44939707365172454
0.4429987536498601
0.4359912342429063
0.4275794322731268
0.4174393581967035
0.40585677831174416
0.3936345554227745
0.38179873865545866
0.37121199518822745
0.36224140572831287
0.35461017529437633
0.3474948354122196
0.3398360534511875
0.33074769178550223
0.3198677758516646
0.30751346193008333
0.2945743734557542
0.28217830489521356
0.2712525233479115
0.2621479726977749
0.25447431319596014
0.24721658286710713
0.23909745870720978
0.2290529829862702
0.21664161720607877
0.2022265770115067
0.18685393483385604
0.17186407436886042
0.15837838959210493
0.1468560669611635
0.13689526110371408
0.12736441040793756
0.11682463788711295
0.1040899678330639
0.08871284511142619
0.07120300662426515
0.05288319996099333
0.03542171303505981
0.020208288245800787
0.007807682389360915
-0.0022945111578205335
-0.011542241731423708
-0.021794574149275547
-0.03462778532223321
-0.05071457421859771
-0.06952393991990102
-0.08947396528927842
-0.10850214804480474
-0.12485522827189355
-0.13780491770546122
-0.1480073797912047
-0.1573440945314637
-0.16827038758652746
-0.18288792616125105
-0.20207727790469399
-0.22502698206714022
-0.24936912478564421
-0.2719174973598186
-0.2897770213147972
-0.3014354569079716
-0.3074229695045887
-0.3102498858650049
-0.31357259614700994
-0.3208134195392247
-0.333676391127125
-0.35107728871770116
-0.36890760915988996
-0.3808025814649163
-0.37975987369113295
-0.36016422948322036
-0.3196129848486884
-0.2599667138737449
-0.1872650042352526
-0.11048450112842434
