0.0013201815030782216
0.00033716138003880847
5.177066565953403e-5
0.0002873620507195529
0.00083851022731396
0.0015095389332783204
0.002147649696223275
0.00266295686479745
0.003031681313680812
0.0032835321988901045
0.0034784781281267385
0.003680488321446407
0.003935826187832392
0.004261274060752607
0.004644094426819234
0.00505179075852169
0.00544698586167125
0.005801750926612836
0.00610663866519312
0.0063720214256960395
0.00662221040508626
0.006885239063362247
0.007182376207440444
0.007521108696937784
0.007893749245595383
0.008281637828981836
0.008662925311513248
0.009020828336705256
0.009349339560402181
0.009654538879173113
0.009951385210052122
0.01025751358912752
0.010586536078224573
0.010943344393121168
0.01132300423075816
0.011713405158363832
0.012100437183256152
0.012473610968244842
0.012830002053241807
0.013175145064361349
0.01352071280289957
0.01388001673511563
0.014263117662083435
0.014673384962269442
0.015106708407960356
0.015553518052558446
0.016002714361931458
0.01644594360328122
0.016880601666225403
0.0173105031205375
0.01774407716064541
0.018190886458508304
0.01865785963806066
0.01914667565591277
0.019653244341043763
0.020169399263559873
0.02068608089570456
0.021196754404767204
0.021699765639723645
0.02219878724771751
0.022701257414072584
0.0232154730966998
0.02374748193549303
0.02429895081326583
0.02486677760157152
0.02544452658956653
0.026025075581346035
0.026603425099908318
0.0271785941668804
0.02775390899856489
0.028335623183297298
0.028930443510213788
0.029542934098129803
0.030173789328263867
0.03081960804067163
0.031474214222723784
0.03213098206652998
0.03278525824587575
0.033435963470663244
0.034085792871298204
0.03473998286083502
0.0354041571560858
0.0360820999483622
0.03677430822926153
0.03747785531493464
0.038187583717791185
0.03889813796480013
0.039606039504882395
0.04031100876537275
0.041016044918907646
0.04172625846595279
0.04244692673415329
0.04318152739454151
0.04393049614539235
0.04469116206612833
0.045458855698179756
0.046228738930574886
0.04699764172914134
0.047765205079451034
0.04853391054344525
0.04930801160348408
0.050091801437024186
0.05088789634318158
0.05169619416224369
0.05251389578021315
0.05333656382031604
0.05415979671237947
0.05498086917760947
0.05579971509100967
0.056618891233724655
0.05744255583092972
0.058274870568860826
0.05911844638714292
0.05997342412520479
0.06083752679839938
0.06170704222814005
0.06257833963631798
0.06344932686308535
0.06432028844512327
0.06519379191940833
0.0660737121485786
0.06696376063466825
0.0678660902337972
0.06878050789215395
0.06970458717126582
0.07063462388642183
0.07156705713213629
0.07249980658384703
0.073433018294355
0.07436894595305676
0.07531102982484272
0.07626254149047607
0.07722532253101555
0.07819910053997936
0.07918163666867994
0.08016963590618753
0.0811600595605595
0.0821513301639254
0.08314396728540507
0.0841404171089064
0.08514415063788139
0.08615838430347367
0.08718491627493119
0.08822352048944737
0.08927212069358736
0.09032766514135093
0.09138735568128764
0.09244975450132276
0.09351534583040444
0.09458634514767894
0.09566584022393554
0.0967566037623957
0.09786003910528418
0.0989756635599306
0.10010132253308046
0.10123404486960319
0.10237120488894336
0.10351154299078225
0.10465565625207329
0.1058057781601407
0.10696494105347498
0.10813584996387648
0.10931990274625836
0.11051672954688962
0.11172442058514198
0.11294034490539206
0.11416223708165973
0.11538912989093641
0.11662177516058336
0.11786239579051938
0.11911387072301605
0.12037867142937775
0.1216579606000161
0.1229511972231182
0.12425639440196279
0.12557092444535345
0.12689255716520043
0.12822033147053846
0.1295549288335468
0.130898412047602
0.13225343775980392
0.1336222519625222
0.13500585743390747
0.13640367169983336
0.13781380208192517
0.13923382579199517
0.14066176992581148
0.14209691227625187
0.14354009630520403
0.14499344310947826
0.1464595758671945
0.14794065831074965
0.14943761727037774
0.15094984512735887
0.1524754909927144
0.15401222248547575
0.15555816063754968
0.1571126270922364
0.1586764185926559
0.16025150831218538
0.16184029494018082
0.16344469322744426
0.1650654179941664
0.16670173606963623
0.16835177829515335
0.17001328757813938
0.17168451237844495
0.1733649015050025
0.17505533526065997
0.17675780822452192
0.1784746901820463
0.18020785249976834
0.18195799627259213
0.18372443798617533
0.18550543031913758
0.1872988893356894
0.1891032442281908
0.19091808112180453
0.19274433447633021
0.19458395573078124
0.1964391905661994
0.19831174576001398
0.2002021669861841
0.20210966542780184
0.20403245678230797
0.20596847885557912
0.20791620950345202
0.2098752702859601
0.21184658599559303
0.21383204267388256
0.21583377987973928
0.21785339242031054
0.219891349314844
0.22194685173949213
0.22401818107243876
0.226103399168336
0.22820112844661244
0.2303111106159359
0.23243433016599568
0.23457265772464597
0.23672815344183973
0.2389023004403139
0.24109546350971855
0.24330677968081582
0.24553451993432462
0.24777677998013647
0.2500322325986153
0.25230065231073295
0.2545830127712305
0.25688112302315047
0.2591969463490993
0.2615318665201355
0.26388618459569035
0.26625903869862944
0.2686487750067056
0.2710536242116416
0.2734724209039737
0.2759050883162206
0.2783527027392977
0.2808171147027836
0.2833002746221236
0.2858035233895584
0.28832712030159446
0.29087018781623186
0.2934310912999587
0.2960081046369891
0.29860010371527135
0.3012070208873754
0.3038298873409465
0.3064704501663553
0.3091305148637298
0.31181126896358613
0.3145128483033971
0.31723431261768664
0.319974038552188
0.32273037737946897
0.32550232348327024
0.3282899367112304
0.3310943575737395
0.33391741155813925
0.336760956679358
0.3396262260698637
0.3425134176813647
0.3454216864739025
0.3483495385606944
0.35129547199327515
0.354258614784144
0.35723911326427016
0.36023812148351186
0.3632573970039088
0.3662986602739934
0.3693629653570555
0.372450324541974
0.3755597307751224
0.3786895683154661
0.3818382528884905
0.38500485526212724
0.3881894698942081
0.39139318965328607
0.3946176998933879
0.39786465149065275
0.4011350565307352
0.4044289401137676
0.4077453816229395
0.41108292777838895
0.4144402162800286
0.417816568078753
0.4212123191358732
0.42462876359245905
0.42806773027840617
0.4315309554796073
0.43501949261327555
0.43853338429029765
0.4420717204182609
0.4456330570978584
0.4492160326127901
0.45281994205403897
0.4564450495395278
0.4600925194575116
0.46376399582702765
0.4674609946483729
0.4711843457486323
0.4749339007740565
0.47870862065394504
0.48250700918906675
0.48632772606625485
0.49017014388167346
0.4940346358908596
0.49792248532845695
0.5018354528539647
0.5057751697270191
0.5097425903115458
0.5137377133157504
0.5177596764864395
0.5218071849447264
0.5258791048139694
0.5299749907101698
0.5340953420969544
0.538241488934543
0.5424151505622823
0.546617837908868
0.5508503293650959
0.5551124219820763
0.5594030534022482
0.5637207472643961
0.568064210802349
0.5724328556647542
0.5768270435944095
0.581247965409572
0.5856972033139299
0.5901761482636574
0.5946854991273898
0.5992250377324276
0.603793766484985
0.6083903547359865
0.6130137207138769
0.6176635236118072
0.6223403752441762
0.6270456889151962
0.6317812228678946
0.63654849299253
0.6413482792506829
0.6461804135463551
0.6510439279567563
0.6559375034570603
0.6608600440794861
0.6658111541296454
0.6707913346461538
0.6758018245904206
0.6808441499356997
0.6859195567169573
0.6910285487409251
0.6961707100014223
0.7013448817817556
0.7065496275476857
0.7117838078607862
0.7170470453384511
0.7223399022507161
0.7276637040718937
0.7330200783749119
0.7384103873962173
0.7438352725297367
0.7492944847521211
0.754787063841518
0.7603117942601714
0.7658677588391765
0.771454774016624
0.7770735365892358
0.7827254237313118
0.7884120221586687
0.7941345670012047
0.7998935058866083
0.8056883555896197
0.8115179060767308
0.8173806933548655
0.8232755596518321
0.8292020866713161
0.8351607374314834
0.8411526551297279
0.8471791998942763
0.8532414050946369
0.8593395652952093
0.8654731163840856
0.871640854953615
0.8778414125414563
0.8840738016127944
0.8903378222108547
0.896634171702895
0.9029642142594487
0.9093294975149107
0.915731200834276
0.9221697254500154
0.9286445816142999
0.9351546132336247
0.9416984705271342
0.9482751461793086
0.9548843668117676
0.9615266883411424
0.9682032588709615
0.9749153416780391
0.9816637838310274
0.9884486371913684
0.9952690798965416
1.0021236706248167
1.0090108397100375
1.0159294299677963
1.0228790810243291
1.0298603112634757
1.036874267868217
1.0439222429094888
1.051005142888588
1.0581231161671356
1.0652754808931957
1.0724609793406066
1.0796782581294284
1.0869263863956538
1.094205209307363
1.1015153979653345
1.1088581740468675
1.1162348132404365
1.1236461170813068
1.1310920552622221
1.1385717151058128
1.1460835769157902
1.1536260088874282
1.161197791343994
1.168798469555038
1.1764284012267647
1.1840884830490044
1.191779664739594
1.19950244097882
1.207256519901035
1.2150407982897908
1.2228536548191935
1.2306934494883364
1.238559037359387
1.246450098703801
1.2543671579806008
1.2623112835713353
1.2702835827843921
1.2782846850631386
1.2863144103984334
1.2943717481608703
1.3024551516851024
1.3105630322353397
1.31869425939731
1.3268484729749037
1.3350260848086288
1.3432279692121984
1.351454961482301
1.359707358552086
1.3679846155325466
1.3762853567445772
1.384607698879601
1.3929497637994137
1.401310185521772
1.4096884182582468
1.4180847290519494
1.4264998800048443
1.4349346244387764
1.4433892125804697
1.4518630980574652
1.4603549583557616
1.468863020622517
1.4773855658246813
1.4859214149999378
1.4944702079062642
1.5030323642647727
1.5116087401765572
1.5202001099570777
1.5288066711691481
1.5374277619810242
1.546061898453894
1.5547071164052124
1.5633614855143452
1.5720235974383834
1.580692840282746
1.5893693547118752
1.598053690260326
1.6067462964241632
1.615447047088773
1.6241549840780254
1.6328683810060303
1.6415851048180392
1.6503031371993981
1.6590210558914675
1.6677382908998135
1.676455056894648
1.685171987529086
1.6938896119636953
1.7026078744016415
1.7113258805613007
1.7200419672485603
1.7287540663966419
1.7374602212702621
1.7461590538558576
1.7548500014407216
1.7635332297159063
1.7722092549559982
1.7808784205978512
1.7895404303010234
1.79819411835712
1.8068375472378198
1.8154683962164433
1.8240844928974047
1.832684284401283
1.84126706817
1.8498328949661702
1.8583821829507041
1.8669151930157226
1.8754315688743408
1.8839301201605587
1.8924089326811777
1.9008657632864034
1.9092985664843067
1.9177059485491772
1.9260873723706695
1.934443032134265
1.9427734441920088
1.9510789100833097
1.9593590572730104
1.9676126335723787
1.9758376337328594
1.984031708893668
1.9921927007076756
2.0003190940840017
2.0084102140968154
2.0164660915774997
2.024487050077764
2.03247317479766
2.040423870017732
2.048337677737782
2.0562124295687765
2.0640456752299885
2.071835223929449
2.0795795908329207
2.0872781768707536
2.0949311125042844
2.1025388253611537
2.1101014979946666
2.117618624356279
2.1250888354761543
2.132510060933183
2.139879963000051
2.147196474915964
2.1544582343158174
2.161664743132647
2.1688161908489487
2.17591300813124
2.182955322404737
2.1899425253910616
2.1968731200605407
2.2037449071268083
2.2105554404515173
2.217302576968822
2.2239849100845657
2.2306019202178393
2.237153785107294
2.2436409237433184
2.2500634506757455
2.256420752210287
2.2627113491065733
2.268933099800223
2.275083666493878
2.281161064525625
2.287164082667802
2.2930924112344964
2.298946427245273
2.3047267181430886
2.3104335266642524
2.3160663302978026
2.3216237172904135
2.3271036070542266
2.3325037300441105
2.337822181924193
2.343057837918518
2.348210466953901
2.3532805009806794
2.3582685481099164
2.3631748374969117
2.367998810795494
2.3727390189467976
2.3773933655094677
2.381959603950276
2.386435897938436
2.390821228814679
2.395115492831142
2.399319250124722
2.4034332217446215
2.4074577285484633
2.4113922886626664
2.41523552944667
2.4189854487642943
2.422639925487644
2.4261972826062497
2.42965668548422
2.4330182209457827
2.436282625804498
2.4394507688481326
2.4425230858708784
2.445499186066927
2.4483777825127415
2.4511569746685966
2.453834774868546
2.456409676139438
2.4588810420763174
2.4612491675541217
2.4635149857360537
2.4656795333827426
2.4677433801533035
2.469706242098079
2.4715669290315754
2.4733236469293978
2.474974539404476
2.4765182596273774
2.477954351714595
2.479283293635216
2.4805061841287888
2.4816241937586634
2.4826379918779833
2.4835473713847738
2.484351217508379
2.4850478344365943
2.4856355053412216
2.4861130706912986
2.4864803018568993
2.4867379252358806
2.4868872865529097
2.486929783843117
2.486866287303945
2.486696769862563
2.4864202914876445
2.486035343909526
2.485540423013646
2.484934607611522
2.4842179199915475
2.4833913272036243
2.482456380468851
2.4814146301257978
2.480267041010042
2.4790136340904674
2.4776534938514754
2.476185140331621
2.474607124014534
2.4729186152885396
2.4711197615713214
2.4692116742367363
2.46719605010521
2.4650745735467376
2.4628483305755906
2.460517462479071
2.4580811946432357
2.4555382314804444
2.4528873664794375
2.450128072265893
2.4472608419667807
2.444287148044463
2.441209031829186
2.4380284796218534
2.4347468243140615
2.4313644026126866
2.42788060018746
2.4242942677848376
2.420604348044499
2.4168104708346982
2.412913286321481
2.408914405701584
2.404815971006598
2.4006200192712224
2.3963278869614393
2.3919398863982835
2.387455382001014
2.382873240249587
2.3781924825996015
2.3734128911530417
2.3685353337274675
2.3635616820425223
2.358494353110429
2.353335649376983
2.3480871514361077
2.342749397658274
2.3373219749022827
2.331803985792047
2.326194711976464
2.3204942159174453
2.314703646164119
2.308825124621422
2.302861255568202
2.2968144430048767
2.290686278438107
2.2844772358288825
2.2781867933898194
2.2718139379592244
2.2653578599294315
2.25881857236645
2.2521972161536548
2.245495933361081
2.2387173575227624
2.231863917953558
2.2249372281337347
2.2179377969179344
2.2108651774039414
2.20371849915092
2.1964971802621864
2.189201544495477
2.1818331031242737
2.174394389035035
2.1668884026692696
2.159317879615239
2.1516846597113215
2.1439893998736808
2.136231741423672
2.1284108677392934
2.1205262369930713
2.112578206134251
2.104568303150531
2.096499039838525
2.088373335072184
2.080193770339708
2.071961966194179
2.0636783237782472
2.055342236204075
2.046952693587519
2.038509052692717
2.0300116767607435
2.02146219905745
2.0128633071931437
2.0042181294714623
1.9955294584462018
1.9867991107761545
1.9780276710684364
1.9692147198339804
1.9603594584288615
1.951461489145718
1.942521446578037
1.933541231686758
1.9245237520877467
1.915472262776547
1.9063895572734064
1.8972773194475248
1.8881358870125453
1.8789645209039434
1.8697620803747301
1.8605278465868862
1.8512621787530268
1.8419667499159322
1.8326442707223027
1.823297807341993
1.81392995770225
1.8045422069703667
1.7951347159814781
1.7857066301557705
1.776256794958344
1.7667846048866993
1.7572906582837944
1.7477769620179704
1.73824660153039
1.728702997397069
1.7191490300898162
1.7095863675646161
1.7000152543039388
1.6904348438694723
1.6808439474163483
1.671241908849365
1.661629266381528
1.6520079408044408
1.6423808726844276
1.632751244338868
1.6231215853178314
1.61349310865452
1.6038655395113781
1.5942375099778638
1.5846073754870602
1.5749741438526166
1.5653381614480657
1.5557012916227941
1.5460665142528045
1.53643709827075
1.526815665067226
1.517203505014461
1.5076004137750887
1.4980051152930711
1.488416110871066
1.4788326264238258
1.4692552882875685
1.4596862592558282
1.450128772969251
1.4405862374630276
1.4310612476855
1.4215548860224618
1.4120665827781744
1.4025945951559127
1.393136925105399
1.3836923254307267
1.374261006648596
1.3648447698711403
1.3554465112570395
1.3460692870591646
1.336715300866138
1.327385208658082
1.318078018118469
1.308791630822476
1.299523826599526
1.2902733149669345
1.281040447503989
1.2718273110345275
1.262637157475275
1.2534733820097743
1.2443384379999782
1.235233105400051
1.2261563967517204
1.2171061407287347
1.208080021005564
1.1990766693692696
1.1900963867574912
1.1811412058481654
1.172214261612542
1.1633187051722644
1.1544565772531676
1.1456280792259486
1.1368315317533124
1.1280640486549174
1.1193226770332025
1.110605570996991
1.1019127478518644
1.0932461316435615
1.0846088611819393
1.0760041240902762
1.0674339649242983
1.0588985304382321
1.0503960506180507
1.0419235716200341
1.0334781642877267
1.0250581428248993
1.016663817266546
1.0082974773270041
0.9999625991174592
0.9916625677858256
0.9833994014697505
0.9751729689038291
0.966981009225735
0.9588199565107061
0.9506862602292612
0.9425776968137525
0.9344941645048719
0.9264376475842224
0.9184113546111219
0.9104183566061186
0.9024602505865309
0.8945363721823176
0.8866438757963251
0.8787786684307426
0.8709368508945716
0.8631161166787973
0.8553165653913779
0.8475406051505082
0.8397919657994504
0.8320741895519683
0.8243891739073101
0.8167363303486692
0.809112692222459
0.8015139419518962
0.7939359701284514
0.7863763659768481
0.7788352554075764
0.7713151468528074
0.7638198255633674
0.7563527086638115
0.7489152914911975
0.7415062929797709
0.7341218484470309
0.7267566983803981
0.7194059342906235
0.7120666380888283
0.7047387800769374
0.6974250162630531
0.690129446077578
0.6828557962559803
0.6756057281993425
0.6683779311657285
0.6611683704422924
0.6539716169077646
0.6467827611206163
0.6395991761968243
0.63242143603965
0.6252530085579238
0.6180988115682546
0.6109631636200433
0.6038479097304466
0.5967514522851974
0.5896690827480299
0.5825945138470462
0.5755220435716208
0.5684485242297608
0.5613743671726509
0.5543031717221256
0.5472400933546446
0.5401895606507874
0.5331532198344109
0.5261289195411745
0.5191111640232042
0.5120929016725606
0.5050679912588868
0.4980334056015233
0.49099030794944376
0.48394355045201676
0.4768997450227944
0.46986461615269737
0.46284064421559923
0.4558259229324133
0.4488147079673157
0.4417994883858246
0.434773814068415
0.4277347944179162
0.42068427894658234
0.413628214205505
0.406574367860394
0.3995292552691384
0.3924954441467644
0.38547030638985147
0.37844675938581196
0.3714157828362914
0.3643697975991059
0.35730562439220237
0.35022585751869806
0.3431380638901289
0.33605204354114004
0.32897615257395496
0.3219140932582837
0.3148634479254926
0.3078166024047142
0.3007637965101809
0.29369719563295393
0.2866144296854827
0.27952018446926075
0.2724251273382653
0.26534245742259843
0.2582833125837162
0.2512527714956593
0.24424804266182143
0.23725965856916853
0.23027536249033487
0.22328530897747556
0.21628661413096273
0.20928544030368978
0.20229566333608284
0.1953344526751084
0.18841632195163616
0.18154790093678574
0.1747255392771222
0.16793688207505653
0.16116608114222508
0.15440086194748348
0.14763881451153604
0.14089038515143149
0.13417713975332368
0.1275255977499128
0.12095868218622818
0.11448792743771585
0.10810956265782234
0.10180636512506336
0.09555511962213226
0.0893373368480258
0.08314938899840785
0.07700803839601511
0.07094865635711622
0.06501590851530303
0.05924952095019742
0.053669940031627394
0.048269400891391756
0.04301272409785417
0.037849297758864475
0.032734000264623475
0.027651458842388843
0.02263617835465681
0.017781454836945487
0.013232663005090517
0.00916478746478011
0.0057487106117314335
0.003114357338925733
0.0013201815030782216
