0.03239271728268467
0.017310351352982534
0.009316434601553292
0.007576122503827332
0.010386186461475377
0.015609886354811087
0.02118897555532817
0.02559003720671038
0.02806814704844518
0.02869059124054263
0.02813729843489332
0.0273592087416481
0.027211335037307327
0.02817424162411908
0.030239367522767235
0.03297455290185891
0.035726712553047824
0.03787817244696734
0.0390636363790251
0.039276970585878535
0.038841189988807034
0.038264634818869214
0.0380440231844732
0.03848874661462909
0.039627402644615506
0.04122367924468029
0.04288761775559591
0.04423498805169557
0.045033348350488556
0.045282201231202635
0.045201937627427635
0.04514107696609604
0.045440653987242285
0.04630813778943965
0.04774692682821158
0.049564597386529186
0.05145288901058298
0.05310630772275693
0.0543335943148483
0.0551211466261361
0.055627210513217396
0.05611231582395737
0.05683487485244543
0.057952547174422
0.05946607247230096
0.0612248736370441
0.06298984570204835
0.06452751415821023
0.06569897407818304
0.06651033086471103
0.06710699989034596
0.0677159006203395
0.06855898444850728
0.06977148584451776
0.07135538181398249
0.07318430429119482
0.07505628518444829
0.07677285720889437
0.07821382273486666
0.07937962503721918
0.08038636021727874
0.08141680714195587
0.08264736944118334
0.08417935208950578
0.08600055214672742
0.08799095974242244
0.08996930621807553
0.09176183011523587
0.09326671182844293
0.09448994695440205
0.09553984382002856
0.096583296363981
0.09778135146607903
0.09922896981618068
0.10092165495037486
0.10276087344690898
0.1045951855677777
0.10628053118139946
0.10773623733276982
0.1089754840249354
0.11009915425502181
0.11125615976218706
0.1125860156184223
0.11416585709733118
0.1159819503093602
0.11793603836592803
0.11988343055455353
0.12168775885320215
0.1232713124454139
0.12464197776872554
0.12588709073139626
0.12713728132427904
0.12851473695846183
0.130085946011111
0.13183687620547824
0.13367964314664782
0.13548754573717847
0.13714458145592867
0.13859027519919787
0.13984277031539172
0.14099170258893057
0.14216403055518445
0.14347623943686627
0.14499129622658424
0.1466966126034588
0.14851099878566976
0.15031741961286604
0.1520085972172569
0.15352783898541789
0.15488959777849765
0.15617227079285434
0.1574864695652931
0.15893131354102552
0.1605556818936158
0.16233920885695352
0.16420004723909476
0.16602609865399232
0.16771749489140308
0.16922399210528982
0.17056311004006575
0.17181239203950693
0.17307912209288445
0.1744593777837833
0.1760021840960575
0.1776923468684195
0.17945820751861796
0.18120094629723482
0.18283387242646953
0.18431648319113847
0.18567028448888934
0.18697051853847446
0.18831724146785733
0.18979705400937186
0.19145022797864675
0.19325573258201312
0.1951396758795434
0.19700366839024008
0.19876205498568444
0.20037371815185012
0.2018564150675427
0.20327844038989495
0.20473113924293806
0.20629306947921178
0.20799966607317788
0.20982997760377042
0.2117153627284979
0.21356656147210829
0.2153085541060954
0.216909750770112
0.21839436810839885
0.21983340138111818
0.22131783769268065
0.22292450852905976
0.22468768142146678
0.22658715285305253
0.22855717741358317
0.2305125552361934
0.2323816835835577
0.23413383551443534
0.23579028837821214
0.23741523114085195
0.23909017607009841
0.2408818866676209
0.24281621897498396
0.24486788455523
0.2469699439888846
0.24903924189769666
0.251007921508541
0.25284891875529325
0.25458575197159794
0.2562830226864796
0.2580214547177382
0.2598671723825946
0.26184702059571086
0.26393929203586364
0.2660832271391629
0.2682034236211758
0.2702396143597222
0.27217030615569415
0.27402123559042
0.2758555067554206
0.277749333317165
0.2797627991966646
0.28191688753945343
0.2841855356396432
0.28650564693653724
0.28880109171432633
0.2910114084417117
0.293114202023363
0.2951327493632606
0.2971260662895212
0.29916543405001406
0.3013065351031078
0.3035679462095957
0.3059241997457023
0.30831595946679713
0.3106732627983383
0.31294279430687644
0.3151086737311112
0.31719880668106826
0.319274441241737
0.3214070300173397
0.3236513324966308
0.32602506591969305
0.32850282470093073
0.3310264621097351
0.33352780495056034
0.3359548827433345
0.33829158245681035
0.34056324860844533
0.34282620589619794
0.3451453723343664
0.34756867471584296
0.3501081442275965
0.35273493576781945
0.3553901183027124
0.35800701566744286
0.36053647033431757
0.3629653357451992
0.3653211616452461
0.3676613754353526
0.3700512143816357
0.372538941427213
0.37513785234728214
0.3778219034659501
0.38053651048148907
0.3832202336758981
0.38582891588711077
0.38835295764446387
0.39082111504889827
0.3932894294421131
0.3958196219162028
0.39845530978105925
0.4012051925148228
0.40403962867498056
0.4069018512557512
0.40972944812727596
0.4124778262875948
0.4151366724220972
0.4177331683256089
0.42032084229051736
0.42295845555707057
0.4256871160171919
0.42851443454008953
0.43141177325880753
0.4343255629867874
0.4371982503653209
0.43999075646029107
0.44269778980450836
0.4453501468774256
0.44800316117619376
0.4507157848689688
0.45352835916199286
0.45644758949181985
0.4594444306171497
0.46246560245181734
0.4654542259011851
0.4683715988496584
0.4712117474932933
0.4740032174483384
0.4767975076270248
0.47964868910758285
0.4825921160321255
0.48563044316421333
0.48873231348114543
0.49184418118838635
0.4949106831223469
0.4978957062751793
0.5007960661774756
0.5036425841079174
0.5064882112135123
0.5093878180014327
0.5123774390291175
0.5154609264539074
0.518609075176383
0.5217714628836296
0.5248963615895157
0.5279510008748267
0.5309343696592961
0.5338776538759068
0.5368321886067311
0.5398496086690798
0.5429618645130315
0.5461687928764232
0.5494379989504727
0.5527170592283264
0.5559533240525513
0.5591137032247415
0.5621968607532384
0.5652331957938509
0.5682726988447393
0.5713654268146611
0.5745421497018242
0.5778026145940759
0.5811159042280202
0.5844326914267715
0.5877046123415589
0.5909032600333184
0.5940314736434094
0.5971225881705555
0.6002279547142108
0.6033975488332128
0.6066611234893619
0.6100171264819941
0.6134335930986474
0.6168606107156358
0.6202495129134815
0.6235714013510074
0.6268278896674201
0.6300499891489479
0.6332856364018965
0.6365807315429062
0.6399610329365477
0.6434218963125445
0.6469298010529211
0.6504350557368344
0.6538907741130227
0.6572708142607158
0.6605797929151146
0.6638513523321456
0.6671353806613908
0.670479124519301
0.6739094566356524
0.6774230860273832
0.68098841652639
0.6845582661543017
0.6880884875468272
0.6915552813043719
0.6949645271351208
0.698349556826904
0.7017582573567278
0.7052345000635534
0.7088010641280456
0.7124506305553934
0.7161483031396091
0.7198446733236217
0.7234943977419389
0.7270731556382592
0.7305864998200646
0.7340672516488277
0.7375625034375465
0.7411152796297311
0.7447479393742581
0.7484537031809091
0.7521995336290745
0.7559392153463007
0.7596315533292316
0.7632566500851035
0.7668239785353919
0.7703691401082613
0.7739405585741297
0.7775812290558706
0.7813125316511864
0.7851263090228875
0.788988216419235
0.7928510147980713
0.7966726643897539
0.8004322518852649
0.8041376449091354
0.8078219734332748
0.8115303490770772
0.8153019880404426
0.8191546587498083
0.8230774613886189
0.8270347222466127
0.8309794979877658
0.8348714860911806
0.8386924495405033
0.842453230846031
0.846189674161134
0.8499490413038089
0.8537721541845986
0.8576781215767539
0.8616574925135372
0.8656764195224851
0.8696901720051906
0.8736607481654308
0.8775717731936614
0.881434937212496
0.8852855020446038
0.8891686252214481
0.8931217867041046
0.8971600987546382
0.9012701613560972
0.9054148303065079
0.9095470651286957
0.9136275370406075
0.9176392433042073
0.9215935404147242
0.9255253203973963
0.9294792330682494
0.9334922929866472
0.9375795828214758
0.9417285514590616
0.9459040782474653
0.950062319441629
0.954167970409626
0.9582082679830823
0.962198321437905
0.9661757065997667
0.9701863938253498
0.9742674137808003
0.9784329137218826
0.9826689445634945
0.9869389550385574
0.9911978517915481
0.9954091989154108
0.9995589396116884
1.0036603803474806
1.007748556521605
1.011866193892233
1.0160467141218135
1.0203008623163445
1.0246121281907234
1.028942736106713
1.033247903488679
1.0374928821960265
1.041666228123851
1.045784199203029
1.0498845974923237
1.054012429879487
1.0582029011611853
1.0624682664078862
1.066793570136831
1.071142869105996
1.0754734971186952
1.0797528395528802
1.0839711306586506
1.0881453322207038
1.0923125991372253
1.0965158558365182
1.100787049072256
1.105134537424068
1.1095394837021584
1.1139626499421569
1.1183589923595039
1.1226944567258073
1.1269585354508025
1.131167786537768
1.135358997597648
1.1395746622599754
1.1438463873861209
1.1481826328623528
1.1525655027330206
1.15695780825817
1.161317659492287
1.1656149393684179
1.1698432898913336
1.1740229708540053
1.1781934687863573
1.182398681660778
1.1866703627315445
1.1910161753298314
1.195416933960249
1.199834071654401
1.2042244417694032
1.2085567481425403
1.212823282939922
1.2170424709505527
1.2212512693846844
1.2254903845010199
1.2297880335007851
1.2341485372361711
1.2385501634760496
1.242953072115855
1.247314318364284
1.2516041481716957
1.255817319674687
1.2599750968763876
1.2641171495384889
1.268286474044336
1.2725131295273537
1.276803031038554
1.2811360862561783
1.285474358847393
1.289777078886813
1.294016686532479
1.298189703262193
1.3023182250081342
1.3064414517583645
1.3106005131794292
1.3148224381222453
1.3191094506706196
1.3234377281721867
1.327766116448661
1.3320514664209961
1.3362647100487135
1.3404015119378283
1.3444834238810137
1.3485491269236545
1.3526391602755647
1.3567800393347382
1.3609738927885093
1.3651976143946212
1.3694118516815332
1.3735763571581379
1.3776657706318431
1.381679730554663
1.3856433937363302
1.3895981359521978
1.393585988249677
1.3976337781257504
1.401743061123025
1.4058897018337777
1.41003325131083
1.41413250009454
1.418161213567509
1.4221179927472112
1.4260264731169976
1.429925802121154
1.433855086054208
1.437837824226353
1.4418723555544963
1.4459320268867013
1.449975045275741
1.4539602415896833
1.4578626894497424
1.461683171892878
1.4654478506497788
1.4691982602833356
1.472975470943941
1.476804505697618
1.480684997274389
1.4845916631620861
1.48848439366826
1.492324042631095
1.496087812486781
1.499778281833812
1.503422575013809
1.5070619757335306
1.5107359754731386
1.514466900558562
1.518251048481932
1.5220597648961003
1.5258500691042083
1.5295807601390616
1.533227823918896
1.5367932289210486
1.5403037418247045
1.5438002367397745
1.5473216323131544
1.5508896596030484
1.5545003421863428
1.5581254810673495
1.5617235770421969
1.565255979224321
1.568702025303735
1.5720673180772495
1.5753819199921424
1.5786891285841895
1.5820291261549584
1.5854237774699722
1.5888684149070482
1.5923337664381365
1.5957772802505208
1.599159482965545
1.602459070174222
1.6056809166271866
1.608853922552918
1.6120195322323132
1.6152153612878353
1.6184602619031023
1.6217466088840269
1.6250428119896354
1.628305119448586
1.6314941917139496
1.6345900760643282
1.6375998163938421
1.6405547589333382
1.6434985772603037
1.6464706131029365
1.6494909356948357
1.6525528636732125
1.6556258208301253
1.6586674151278924
1.6616400728753733
1.664525798759391
1.6673333487751971
1.670095024051884
1.6728542959103054
1.675649014542811
1.6784966690108378
1.6813873905756318
1.6842874197517608
1.687151731916662
1.6899409868596766
1.692636295494756
1.6952461294427041
1.697802719201587
1.7003493333487174
1.7029233462832574
1.7055416296041628
1.7081939120300165
1.7108466841798398
1.713456157336839
1.71598528627576
1.7184182857163472
1.7207670209628523
1.7230667738096783
1.7253629756954783
1.7276939858928348
1.7300765281228054
1.732499388647893
1.7349278073087222
1.7373168787445323
1.7396288084669518
1.741847377401291
1.74398403737548
1.746073281324803
1.7481590675033374
1.7502775336541205
1.7524426804324997
1.754640572634382
1.7568343326670546
1.758978041370063
1.761034218937901
1.7629881624797823
1.7648536097217753
1.7666675263594842
1.7684759992027974
1.7703166469978617
1.7722043116715205
1.7741255393995106
1.7760439810364128
1.7779146338012555
1.779701431533311
1.7813913879864869
1.7829998138099903
1.7845645614711616
1.7861314839873055
1.7877366925669167
1.7893924517799098
1.7910821696444739
1.7927664499259242
1.7943979155271184
1.7959391253669452
1.7973767007736785
1.7987262219364935
1.8000260000387298
1.801322114531322
1.8026504773857628
1.8040228441489814
1.8054221829363302
1.8068092122188157
1.8081376097525683
1.8093720385464542
1.8105020289604603
1.8115463322927317
1.8125460202163182
1.8135489407307674
1.8145914841545072
1.815684669704431
1.8168099199089802
1.8179261723267486
1.8189856136073845
1.8199519912510396
1.8208144507286055
1.8215915552981683
1.8223239212620186
1.823058292120209
1.8238291889242644
1.8246452292222297
1.8254854274458057
1.82630695339597
1.8270614062277182
1.8277133622935655
1.828254053009427
1.8287048796817782
1.8291093712302735
1.829516640721651
1.8299626828520101
1.8304567054824252
1.83097776777853
1.8314830372294515
1.8319244989719428
1.8322676797499255
1.8325051517036668
1.8326595740109624
1.8327750537936915
1.832900116084872
1.8330688278248461
1.8332873619508283
1.8335312193116748
1.8337542359954346
1.8339059623443221
1.8339507579962766
1.8338812604409975
1.8337210273606823
1.833515309250657
1.8333134823798076
1.8331498999378075
1.8330305507444278
1.8329306967672718
1.8328044381882842
1.8326025499121035
1.8322917221342698
1.8318677649881847
1.8313576350891092
1.8308094348648165
1.8302741751772822
1.8297862886609213
1.829350395563458
1.8289394458901023
1.8285049968272173
1.8279957087610708
1.8273769596670557
1.8266440209132044
1.8258236951571365
1.8249637526307998
1.8241142119482656
1.8233076787472737
1.8225463506698567
1.8218007556676545
1.8210207804883265
1.8201547997773324
1.819169564853452
1.8180631788701191
1.8168661132244162
1.815629808133651
1.8144071865718852
1.8132325488767587
1.8121085864880686
1.8110055395419864
1.8098728580485761
1.8086589017653276
1.807331091340606
1.8058887163274147
1.8043634080354654
1.802807029362676
1.8012715973192632
1.7997889594421617
1.7983580846160878
1.7969449329856304
1.7954950411088755
1.7939540514809178
1.7922883240566967
1.7904976942958062
1.7886154313752836
1.7866953634823228
1.7847910877164386
1.7829352590868672
1.781126958764634
1.7793320580093561
1.777496495641108
1.7755673937741268
1.7735138772252665
1.7713395287403744
1.769081596548009
1.7667971604181298
1.7645415025284907
1.7623469733072437
1.760210503122015
1.7580946236861554
1.7559416794200422
1.7536958192952448
1.7513243296108763
1.7488300794400606
1.74625024008156
1.7436417170181808
1.7410588704225456
1.738532112965998
1.7360556852256852
1.7335894109339853
1.7310738584562806
1.7284531464090878
1.7256966357789163
1.7228111192836368
1.719838730121544
1.7168412724921942
1.7138769207227236
1.7109782156044935
1.7081398397306724
1.7053209290372364
1.7024610930889574
1.6995040171296942
1.6964195534513822
1.6932157388938107
1.6899360175819675
1.6866426406300723
1.6833925702253671
1.680215162429053
1.6771002858683624
1.6740015658970497
1.670853635241996
1.6675968537749373
1.664200027842626
1.6606723638389829
1.6570599850430212
1.6534282675004488
1.6498367333293378
1.6463161571148424
1.642856747755636
1.639412044299681
1.6359171174786638
1.632314122445035
1.6285753499271323
1.6247148127122368
1.6207837669115817
1.6168517433489165
1.6129802807615343
1.6091994344019471
1.6054961459628578
1.6018190547744906
1.5980980193873524
1.594270927201678
1.5903075017109285
1.5862209026055498
1.5820625650143674
1.5779021712628558
1.5738004141277262
1.5697850604426966
1.5658396325207886
1.5619092193808097
1.557921337841905
1.553813918655604
1.5495596611392475
1.545177302070997
1.5407253134804235
1.5362802907962998
1.5319082254003522
1.5276396738967355
1.523458423806355
1.5193081208251629
1.515114418222217
1.510814187851146
1.5063805302592148
1.5018338507526325
1.4972345768864839
1.4926601624174851
1.488175135532234
1.4838057319702032
1.4795289984902853
1.4752807563537496
1.4709795661155767
1.4665576197480101
1.4619867172497625
1.4572892667794881
1.4525299357755745
1.4477910146040418
1.4431408768694731
1.4386076758504545
1.434168503564166
1.4297583507476785
1.4252955798567246
1.4207141913303327
1.415990426556481
1.4111533069199726
1.4062748126374054
1.401443239716627
1.396729826179793
1.39216146074214
1.3877100833502765
1.3833030553269123
1.3788507205222544
1.3742806946225539
1.369565708202767
1.3647341834504134
1.359859290888786
1.3550305181471167
1.3503186015513604
1.3457473674739078
1.341283512370389
1.3368485310715943
1.3323484700240364
1.3277102176121338
1.3229103622070233
1.3179853409446616
1.3130186935130395
1.3081100365140295
1.3033375012111013
1.2987280517854485
1.2942472313642952
1.2898125089550976
1.2853253179838635
1.2807095794309176
1.2759418374567648
1.271061195461457
1.2661549171195827
1.2613249399395148
1.2566480283690482
1.2521449468970252
1.2477707660654545
1.2434304073670175
1.2390138192317899
1.2344374919285777
1.229676368424282
1.224773690367497
1.2198246749885502
1.2149399863812147
1.210202870998422
1.2056364789457952
1.2011941841464098
1.1967769874714393
1.1922716413866632
1.1875949920772273
1.1827273859971232
1.1777219462245998
1.1726856630830005
1.167739107357328
1.1629699830259534
1.1583983915108313
1.1539674557320372
1.1495633690153964
1.1450576113391924
1.1403553690118644
1.1354315212028843
1.1303400584221317
1.1251928565308884
1.1201155470096185
1.1151972526173335
1.110453647458475
1.1058179919480857
1.10116420927675
1.0963537033192106
1.0912882277292413
1.0859484002160853
1.0804025994084943
1.0747821480789486
1.0692316700263762
1.0638533141534192
1.0586663026919176
1.053597763943134
1.0485090102581522
1.0432477589852347
1.0377065238655612
1.0318645820319283
1.0257968057162827
1.0196451511469364
1.013563021536699
1.0076535168492264
1.001925478287745
0.9962849193414426
0.9905661347032068
0.9845914800083942
0.9782374013926796
0.9714812872144394
0.9644104942751602
0.9571890907667595
0.9499941497227015
0.9429455590797085
0.9360564721148874
0.9292242366854694
0.922266450280995
0.9149893601879131
0.9072628597975596
0.8990729833225104
0.8905306562093346
0.8818318091238542
0.8731827295004009
0.8647185045204016
0.856446030004419
0.8482345819523611
0.8398592593740746
0.831082256128201
0.8217417022091544
0.8118138062255619
0.8014231794575619
0.7907954558541095
0.780168558767907
0.7696957007685623
0.7593777429084078
0.7490526478724802
0.7384486904292479
0.727283539234165
0.715372653645974
0.7027051253597394
0.6894557802077836
0.6759256291702375
0.6624302055770213
0.6491765434291177
0.6361760486191654
0.6232290556659086
0.609990953521953
0.5960986331584606
0.5813113604331168
0.5656118465144122
0.5492254003064285
0.5325441491493327
0.5159792781971309
0.4997937360735685
0.48397921256971155
0.46822889266956613
0.4520245938195616
0.4348144097921167
0.41622024187837403
0.39619781156217404
0.37508269806966643
0.3534927138036338
0.3321080073007483
0.31139814307754377
0.29139246933170126
0.27158500328164104
0.2510271329302378
0.22860144201548738
0.20340705406276183
0.175142352283278
0.14436098292469446
0.11250707129416782
0.08169784438734573
0.05429763621082129
0.032392717282685446
