-0.5106720407267319
-0.04233915972351031
0.04110890158165135
0.000506759095357891
-0.0008342365534879344
0.00001832215663548823
0.0004935869349689877
0.0006705978444448264
0.0007044252732080943
0.0006771518440907668
0.0006268446786243394
0.0005705316101909402
0.0005155642016225284
0.00046486049850331674
0.00041931627276070186
0.00037892625818672593
0.00034331032938938425
0.00031196015986193805
0.0002843524843708566
0.00025999811975979307
0.00023846010493699428
0.00021935728381904687
0.0002023613752598945
0.0001871914817491345
0.00017360794225656798
0.00016140640607417923
0.00015041248967672112
0.00014047712549828057
0.00013147259217907782
0.00012328916455216124
0.00011583230439283789
0.00010902031209664422
0.00010278236587818674
0.00009705688417011898
0.00009179015638093893
0.00008693519600518518
0.00008245077786618683
0.0000783006279216633
0.00007445273963626208
0.00007087879554311265
0.00006755367641578555
0.00006445504358509456
0.0000615629824805322
0.000058859697555797704
0.00005632925045755987
0.00005395733468694925
0.000051731081142311576
0.00004963888986661343
0.000047670284091679024
0.000045815783305223596
0.000044066792590265156
0.000042415505920244134
0.00004085482145339736
0.00003937826716977832
0.000037979935444662605
0.00003665442536152694
0.0000353967917435389
0.000034202500030323695
0.00003306738625140561
0.00003198762145307802
0.000030959680024739874
0.00002998031144654651
0.0000290465150447693
0.000028155517396350712
0.000027304752071217963
0.000026491841441304797
0.000025714580319888435
0.00002497092122468755
0.000024258961083911772
0.000023576929226675894
0.00002292317651846224
0.000022296165519009073
0.000021694461554522605
0.000021116724608754878
0.000020561701948513376
0.00002002822140879992
0.00001951518527121672
0.00001902156467666522
0.00001854639451985614
0.000018088768778865577
0.000017647836237993882
0.00001722279656663183
0.000016812896720753222
0.000016417427637127785
0.000016035721193418764
0.00001566714741006546
0.00001531111187226764
0.000014967053352551634
0.00001463444161631695
0.000014312775394479974
0.000014001580508856927
0.00001370040813730593
0.000013408833206866489
0.000013126452904238248
0.000012852885293926503
0.000012587768035265367
0.000012330757190332479
0.000012081526115480115
0.000011839764429858754
0.000011605177054892567