0.49329189884610347
-0.24600122720928158
0.0038666362366193315
-0.0010296623121189602
-0.004090884820794597
-0.003669313326815884
-0.002794466608158565
-0.0020700444102433745
-0.0015430855553191134
-0.0011686557192811713
-0.0009010572289533624
-0.0007069137889904721
-0.0005635725929018555
-0.00045587066301369764
-0.00037359598911637827
-0.00030977693207488423
-0.0002595765096615113
-0.00021958243222284455
-0.00018734808816101147
-0.00016109201997040865
-0.00013949822573848856
-0.00012158138883198628
-0.00010659451961506212
-0.00009396471766047911
-0.00008324785779842533
-0.00007409619619210926
-0.00006623492022814389
-0.00005944497162555673
-0.0000535503246683176
-0.00004840846575143811
-0.00004390319889860881
-0.00003993915898212968
-0.00003643759111189393
-0.00003333307757080365
-0.0000305709800901392
-0.000028105426649729844
-0.000025897716032554053
-0.000023915045259508222
-0.000022129488334969678
-0.0000205171719047038
-0.00001905760618236084
-0.000017733139046171334
-0.000016528508404464254
-0.00001543047339169344
-0.000014427509131784735
-0.000013509553016170582
-0.000012667792927713961
-0.000011894489774755637
-0.000011182828211667524
-0.000010526790611973774
-9.921050300600674e-6
-9.360880798866894e-6
-8.842078432259044e-6
-8.360896129087305e-6
-7.9139866231537e-6
-7.498353584744729e-6
-7.111309457101321e-6
-6.750438981308146e-6
-6.413567561046385e-6
-6.098733756957649e-6
-5.804165314180086e-6
-5.528258220855057e-6
-5.2695583733664315e-6
-5.026745489037713e-6
-4.798618961235176e-6
-4.5840853969923286e-6
-4.382147615435433e-6
-4.191894917287332e-6
-4.012494462532791e-6
-3.843183616461655e-6
-3.68326314335461e-6
-3.532091143734373e-6
-3.3890776451042037e-6
-3.2536797678893307e-6
-3.125397398843371e-6
-3.0037693126725543e-6
-2.888369690381239e-6
-2.7788049892292784e-6
-2.674711124949063e-6
-2.575750931493385e-6
-2.481611868065894e-6
-2.3920039466108635e-6
-2.3066578562121334e-6
-2.2253232636674818e-6
-2.147767271751311e-6
-2.0737730189700447e-6
-2.003138406341819e-6
-1.935674938387514e-6
-1.871206666921993e-6
-1.80956922753984e-6
-1.7506089597345417e-6
-1.6941821025221838e-6
-1.640154058437862e-6
-1.5883987193824765e-6
-1.5387978485605696e-6
-1.4912405132874183e-6
-1.445622564055005e-6
-1.4018461555786492e-6
-1.3598193061366838e-6
-1.319455491737469e-6