-0.3364107483914425
-0.0719610189662217
-0.014073276727204344
-0.014184445928613188
-0.011549713421987828
-0.008547038764743277
-0.0063149578915627155
-0.0047713707570639
-0.003701369954056631
-0.0029430943366622023
-0.0023914246674500623
-0.0019796960626870456
-0.001665185772530212
-0.0014199235998244009
-0.0012251482507071008
-0.0010679686290666183
-0.0009393234163195062
-0.0008327082213090529
-0.0007433637084015022
-0.0006677461846419951
-0.0006031749911316644
-0.0005475929320898037
-0.0004994004592236457
-0.00045733891571561093
-0.0004204070074495907
-0.0003878001607953483
-0.0003588658936368603
-0.0003330705552567884
-0.0003099742480868791
-0.0002892117126646403
-0.0002704776102954426
-0.000253515084775736
-0.0002381067943452024
-0.0002240678225362488
-0.00021124003108946118
-0.00019948752907281473
-0.00018869301288039586
-0.0001787547908153263
-0.0001695843496287748
-0.00016110435297437918
-0.00015324698625871213
-0.00014595258096552298
-0.00013916846574096598
-0.0001328480024610132
-0.0001269497739724197
-0.00012143689680219867
-0.00011627643731028837
-0.00011143891384656141
-0.00010689787071520515
-0.00010262951233490698
-0.0000986123880556312
-0.00009482711976190148
-0.00009125616574308605
-0.00008788361540890894
-0.00008469501032436964
-0.00008167718777257078
-0.00007881814365812668
-0.00007610691206280696
-0.00007353345917867767
-0.00007108858968804025
-0.00006876386394659418
-0.00006655152456667595
-0.00006444443119936512
-0.00006243600248437242
-0.00006052016428038511
-0.00005869130341034085
-0.00005694422625959903
-0.00005527412165314127
-0.00005367652751322841
-0.00005214730086341771
-0.000050682590800169136
-0.00004927881410087243
-0.000047932633178165506
-0.000046640936125873366
-0.000045400818632604995
-0.000044209567565690135
-0.00004306464605130078
-0.0000419636798967849
-0.00004090444521885337
-0.00003988485715665943
-0.00003890295956230565
-0.00003795691557314704
-0.00003704499898066906
-0.00003616558631987802
-0.00003531714961122489
-0.00003449824969421581
-0.00003370753009817975
-0.00003294371140125517
-0.00003220558603362042
-0.00003149201348540175
-0.0000308019158836174
-0.000030134273906009317
-0.000029488123002734574
-0.000028862549899673352
-0.000028256689359601956
-0.000027669721179711526
-0.000027100867405952212
-0.00002654938974648057
-0.000026014587168100886
-0.000025495793661043555