0.40187091491292654
-0.0510881045656112
0.007356710485231898
0.005883113100857725
0.0038279231211591413
0.0017119213389969756
0.0005958218676848366
0.00008711592522449577
-0.00012705709029789302
-0.0002059779462593307
-0.00022430145520656232
-0.00021651384702629152
-0.00019853004971991494
-0.0001776395451902892
-0.00015708318358109707
-0.00013818945400533917
-0.00012138821534562233
-0.00010669810882012794
-0.00009396231203414197
-0.00008296193562402297
-0.00007346923400552662
-0.00006527108386616651
-0.000058177867694868954
-0.00005202535824140787
-0.00004667342564825319
-0.00004200347668808553
-0.000037915559268935645
-0.000034325566324642354
-0.000031162720001304594
-0.000028367391231866356
-0.000025889249997739445
-0.000023685715740597654
-0.000021720668675039153
-0.00001996338233318671
-0.00001838764094655856
-0.000016971009890917675
-0.000015694232229094972
-0.000014540728855711807
-0.000013496183672139964
-0.00001254819855657671
-0.000011686005676503575
-0.000010900226983122086
-0.000010182672601760939
-9.526171357572896e-6
-8.9244279149711e-6
-8.371902013629405e-6
-7.86370609864021e-6
-7.395518304125772e-6
-6.963508286373851e-6
-6.564273840436386e-6
-6.194786590458469e-6
-5.852345335459318e-6
-5.534535871191303e-6
-5.2391963043285885e-6
-4.96438703683783e-6
-4.708364731211114e-6
-4.469559677330159e-6
-4.246556073104463e-6
-4.038074806728326e-6
-3.842958391651135e-6
-3.6601577582558298e-6
-3.488720650365059e-6
-3.327781411807968e-6
-3.176551979647434e-6
-3.034313926862876e-6
-2.9004114196673004e-6
-2.7742449734673606e-6
-2.6552659074799703e-6
-2.542971411731072e-6
-2.4369001516865585e-6
-2.33662834581773e-6
-2.2417662598170496e-6
-2.151955068546649e-6
-2.0668640430369257e-6
-1.9861880253234876e-6
-1.9096451584586442e-6
-1.8369748432211278e-6
-1.7679358964088537e-6
-1.7023048887042246e-6
-1.6398746427112094e-6
-1.5804528740508428e-6
-1.5238609604380587e-6
-1.4699328253262172e-6
-1.4185139243797e-6
-1.369460324145667e-6
-1.3226378637483581e-6
-1.277921391220506e-6
-1.2351940671305295e-6
-1.194346728900866e-6
-1.1552773099884906e-6
-1.1178903086107693e-6
-1.0820963013625147e-6
-1.0478114975097616e-6
-1.014957330158172e-6
-9.834600809406614e-7
-9.532505351127901e-7
-9.242636643969562e-7
-8.964383350161155e-7
-8.6971703874702e-7
-8.440456449557699e-7