0.011907610039953206
0.03291370539429707
0.05810504568353701
0.09159007544903609
0.13556072245685916
0.18817732038704027
0.24933141264146308
0.3156260939038806
0.37830726889399763
0.42721001477596127
0.45400798523449626
0.45229984300318465
0.4178009756982253
0.3551112413180852
0.2811637442053697
0.15083378303937423
0.00475552263882287
0.006845819204197057
0.008060986147113966
0.011302115588096724
0.013971399768898392
0.01643979087365343
0.018748271112711015
0.01918789544036292
0.016632629880608922
0.011320580650083041
0.00393274196067434
-0.005117134969708278
-0.014738846230608126
-0.020584362392783186
-0.02258776645345294
-0.06332717180649643
-9.631979547988892e-5
8.398660574036037e-5
0.00033593679950192897
0.00041459469391831453
0.0003022637689660094
0.0003355540543228114
0.00022765330523261284
-0.0001198923722664371
-0.0005199846536850894
-0.0008347276822743343
-0.0010730773088294247
-0.0012630986034834978
-0.0011376739938764905
-0.00019892459350745657
-0.0010894899400002102
-0.011784425499958713
0.0013066417206478273
-0.007160317417084049
0.015661270825655292
0.04713822970039438
0.08950892241597383
0.16108468018513672
0.26370363748842046
0.37841130307640886
0.4818869726699679
0.5541869558619635
0.5778915735411606
0.5413644102911124
0.4435631919278053
0.30132828151673546
0.15471358613608352
-0.004418434673644434
-0.007566129408118344
0.0028080985274308154
0.00877617251115583
0.009664010948986881
0.015487960006092169
0.025611007432316105
0.03271081399398261
0.032855861053717156
0.026650785601778828
0.014911252934131545
-0.0014977956208601939
-0.019979257294010733
-0.036745997929962707
-0.0438162584308851
-0.04138789538753399
-0.05965211217229356
-0.0012818576380671813
0.0021492964708242452
0.00016361489212035808
0.0002145168276426834
0.0011256563440826762
0.0013455566919651463
0.0006017521229832757
-0.00034147969071787813
-0.0011506946657782822
-0.001918338579834853
-0.002452204418386072
-0.0024896707512064246
-0.0017376269978479893
0.0008301071589916818
-0.00416051631738707
0.007548724415983382
