0.0027331847683544678
0.011358979682807501
0.025998300188684282
0.049104162381299235
0.08586961503428746
0.14177514064966731
0.2243614051099734
0.3382729928873081
0.47067334068083255
0.5808829211524462
0.6164263230697795
0.5536442727730781
0.421617459267498
0.2771893837942267
0.1545536996890747
0.04557093436974992
0.0016772026080766483
0.0033740691700017427
0.005181925756184854
0.008377901387364177
0.01304175995071912
0.01954940313484781
0.02838969236509701
0.03694495321741359
0.03783974929687294
0.023520146975350823
-0.004062887861511804
-0.03091299045514253
-0.0428244295535545
-0.039086151302209986
-0.032409317962091407
-0.029627206485322452
0.00012893109986563807
0.00020620734314454235
0.0003076455397868983
0.0005136976591986146
0.0007014698957843494
0.0010008632212768118
0.0012357996849811747
0.0008089011223104508
-0.0007685867915426906
-0.002907154288095946
-0.003904275732194588
-0.0027112762402641266
-0.0003720755859132571
0.0010317306945109071
0.0004401466100533931
0.0013990565245625955
0.0002820559297918209
0.00012504456951538252
0.0014183589968532542
0.008431791622960337
0.026581782144227323
0.06875306840401754
0.16171957785775692
0.3386398557476741
0.594946418027085
0.8232649458352929
0.8514491342381003
0.635657531463922
0.3377549573557486
0.1259702995188702
0.02656219481725666
-0.001598251868763349
0.00011266884828195377
-7.250528203713349e-5
0.0009881609949899041
0.0032399797830611177
0.007705161577507722
0.017706098320482446
0.03746302172032011
0.06490511581904261
0.07878929685104988
0.04512545356137199
-0.031144380696321364
-0.08579643074849783
-0.07877605077630198
-0.0430524947567269
-0.01643752062779312
-0.000649878130952177
-6.028425434745354e-5
5.686894405097598e-5
0.00021403044877955942
0.00039034638979343095
0.0008458599089918967
0.0018626875782950941
0.003255621961288759
0.0033903938600230517
-0.0006972026271958217
-0.008033669282985602
-0.010123569898000265
-0.0030788870864066893
0.0038823631978258167
0.004446742935560034
0.0025119689335548925
0.001574783376017973
